c fake map
c fake map
c fake map
c fake map
p sp 37303 223480
c graph contains 37303 nodes and 223480 arcs
c
a 1 2 701
a 2 1 701
a 1 3 98
a 3 1 98
a 1 4 454
a 4 1 454
a 1 5 767
a 5 1 767
a 1 6 413
a 6 1 413
a 1 7 911
a 7 1 911
a 1 547 570
a 547 1 570
a 1 1247 219
a 1247 1 219
a 2 20 94
a 20 2 94
a 2 69 672
a 69 2 672
a 2 79 465
a 79 2 465
a 2 82 887
a 82 2 887
a 2 97 758
a 97 2 758
a 2 105 275
a 105 2 275
a 2 125 118
a 125 2 118
a 2 197 495
a 197 2 495
a 2 235 451
a 235 2 451
a 2 239 400
a 239 2 400
a 2 267 407
a 267 2 407
a 2 294 208
a 294 2 208
a 2 306 403
a 306 2 403
a 2 309 720
a 309 2 720
a 2 337 326
a 337 2 326
a 2 403 662
a 403 2 662
a 2 464 827
a 464 2 827
a 2 465 155
a 465 2 155
a 2 469 646
a 469 2 646
a 2 487 227
a 487 2 227
a 2 542 932
a 542 2 932
a 2 596 747
a 596 2 747
a 2 613 542
a 613 2 542
a 2 718 966
a 718 2 966
a 2 739 863
a 739 2 863
a 2 795 960
a 795 2 960
a 2 801 728
a 801 2 728
a 2 812 92
a 812 2 92
a 2 816 47
a 816 2 47
a 2 827 517
a 827 2 517
a 2 863 129
a 863 2 129
a 2 877 865
a 877 2 865
a 2 924 177
a 924 2 177
a 2 933 618
a 933 2 618
a 2 959 311
a 959 2 311
a 2 1088 259
a 1088 2 259
a 2 1097 636
a 1097 2 636
a 2 1129 717
a 1129 2 717
a 2 1138 784
a 1138 2 784
a 2 1147 661
a 1147 2 661
a 2 1152 786
a 1152 2 786
a 2 1189 770
a 1189 2 770
a 2 1192 351
a 1192 2 351
a 2 1198 712
a 1198 2 712
a 2 1210 345
a 1210 2 345
a 2 1236 976
a 1236 2 976
a 2 1242 230
a 1242 2 230
a 2 1265 349
a 1265 2 349
a 2 1269 965
a 1269 2 965
a 2 1284 621
a 1284 2 621
a 2 1321 876
a 1321 2 876
a 2 1348 233
a 1348 2 233
a 2 1356 459
a 1356 2 459
a 2 1384 263
a 1384 2 263
a 2 1390 164
a 1390 2 164
a 2 1397 141
a 1397 2 141
a 2 1417 365
a 1417 2 365
a 2 1448 808
a 1448 2 808
a 2 1457 653
a 1457 2 653
a 2 1463 230
a 1463 2 230
a 2 1472 669
a 1472 2 669
a 2 1538 671
a 1538 2 671
a 2 1168 903
a 1168 2 903
a 2 1061 746
a 1061 2 746
a 2 1598 568
a 1598 2 568
a 2 1604 990
a 1604 2 990
a 2 1610 50
a 1610 2 50
a 2 1617 373
a 1617 2 373
a 2 1638 770
a 1638 2 770
a 2 1644 20
a 1644 2 20
a 2 1671 472
a 1671 2 472
a 2 1680 799
a 1680 2 799
a 2 1714 928
a 1714 2 928
a 2 1728 458
a 1728 2 458
a 2 1732 391
a 1732 2 391
a 2 1761 364
a 1761 2 364
a 2 1763 828
a 1763 2 828
a 2 1795 77
a 1795 2 77
a 2 1798 7
a 1798 2 7
a 2 1870 938
a 1870 2 938
a 2 1879 69
a 1879 2 69
a 2 1884 282
a 1884 2 282
a 2 1893 166
a 1893 2 166
a 2 1911 632
a 1911 2 632
a 2 1921 610
a 1921 2 610
a 2 1928 131
a 1928 2 131
a 2 1936 756
a 1936 2 756
a 2 1971 576
a 1971 2 576
a 2 1988 569
a 1988 2 569
a 2 1993 333
a 1993 2 333
a 2 2018 740
a 2018 2 740
a 2 2128 111
a 2128 2 111
a 2 2157 523
a 2157 2 523
a 2 2168 615
a 2168 2 615
a 2 2191 988
a 2191 2 988
a 2 1003 855
a 1003 2 855
a 2 2201 445
a 2201 2 445
a 2 2214 56
a 2214 2 56
a 2 2262 98
a 2262 2 98
a 2 2273 594
a 2273 2 594
a 2 2287 595
a 2287 2 595
a 2 2310 335
a 2310 2 335
a 2 2317 597
a 2317 2 597
a 2 2347 351
a 2347 2 351
a 2 2349 31
a 2349 2 31
a 2 2365 453
a 2365 2 453
a 2 2384 710
a 2384 2 710
a 2 2391 170
a 2391 2 170
a 2 2398 522
a 2398 2 522
a 2 2405 284
a 2405 2 284
a 2 2463 563
a 2463 2 563
a 2 209 876
a 209 2 876
a 2 2526 809
a 2526 2 809
a 2 2535 347
a 2535 2 347
a 2 1028 585
a 1028 2 585
a 2 2547 174
a 2547 2 174
a 2 2550 304
a 2550 2 304
a 2 2557 973
a 2557 2 973
a 2 2597 860
a 2597 2 860
a 2 2610 271
a 2610 2 271
a 2 2613 28
a 2613 2 28
a 2 2621 262
a 2621 2 262
a 2 2631 1
a 2631 2 1
a 2 2665 825
a 2665 2 825
a 2 780 68
a 780 2 68
a 2 2726 112
a 2726 2 112
a 2 2732 629
a 2732 2 629
a 2 2742 753
a 2742 2 753
a 2 2761 914
a 2761 2 914
a 2 2797 44
a 2797 2 44
a 2 782 797
a 782 2 797
a 2 2917 882
a 2917 2 882
a 2 2961 850
a 2961 2 850
a 2 2976 601
a 2976 2 601
a 2 3014 403
a 3014 2 403
a 2 3030 48
a 3030 2 48
a 2 3041 454
a 3041 2 454
a 2 3045 643
a 3045 2 643
a 2 3051 867
a 3051 2 867
a 2 3059 737
a 3059 2 737
a 2 2053 500
a 2053 2 500
a 2 3077 144
a 3077 2 144
a 2 3081 120
a 3081 2 120
a 2 3102 963
a 3102 2 963
a 2 3161 312
a 3161 2 312
a 2 3168 47
a 3168 2 47
a 2 3177 558
a 3177 2 558
a 2 3184 790
a 3184 2 790
a 2 2055 153
a 2055 2 153
a 2 3238 710
a 3238 2 710
a 2 3252 703
a 3252 2 703
a 2 381 283
a 381 2 283
a 2 3286 448
a 3286 2 448
a 2 3296 103
a 3296 2 103
a 2 3325 268
a 3325 2 268
a 2 3330 328
a 3330 2 328
a 2 3351 260
a 3351 2 260
a 2 1030 511
a 1030 2 511
a 2 3361 376
a 3361 2 376
a 2 3369 812
a 3369 2 812
a 2 3379 228
a 3379 2 228
a 2 3384 815
a 3384 2 815
a 2 3398 421
a 3398 2 421
a 2 3404 416
a 3404 2 416
a 2 3434 772
a 3434 2 772
a 2 3459 423
a 3459 2 423
a 2 991 871
a 991 2 871
a 2 3497 576
a 3497 2 576
a 2 3508 212
a 3508 2 212
a 2 3510 149
a 3510 2 149
a 2 3522 905
a 3522 2 905
a 2 3529 56
a 3529 2 56
a 2 3539 76
a 3539 2 76
a 2 3554 570
a 3554 2 570
a 2 3563 502
a 3563 2 502
a 2 3572 107
a 3572 2 107
a 2 3584 533
a 3584 2 533
a 2 3610 383
a 3610 2 383
a 2 3644 432
a 3644 2 432
a 2 2251 2
a 2251 2 2
a 2 3691 324
a 3691 2 324
a 2 3738 826
a 3738 2 826
a 2 3744 369
a 3744 2 369
a 2 3770 467
a 3770 2 467
a 2 3774 193
a 3774 2 193
a 2 3785 48
a 3785 2 48
a 2 3810 985
a 3810 2 985
a 2 3831 759
a 3831 2 759
a 2 3842 307
a 3842 2 307
a 2 3850 908
a 3850 2 908
a 2 3867 911
a 3867 2 911
a 2 3887 486
a 3887 2 486
a 2 3902 158
a 3902 2 158
a 2 3916 58
a 3916 2 58
a 2 3924 633
a 3924 2 633
a 2 3955 548
a 3955 2 548
a 2 3973 840
a 3973 2 840
a 2 3975 628
a 3975 2 628
a 2 4029 723
a 4029 2 723
a 2 4038 352
a 4038 2 352
a 2 4056 508
a 4056 2 508
a 2 3003 414
a 3003 2 414
a 2 4072 966
a 4072 2 966
a 2 4079 110
a 4079 2 110
a 2 4100 559
a 4100 2 559
a 2 4112 279
a 4112 2 279
a 2 4124 294
a 4124 2 294
a 2 4144 818
a 4144 2 818
a 2 4167 84
a 4167 2 84
a 2 4172 330
a 4172 2 330
a 2 4182 284
a 4182 2 284
a 2 4189 861
a 4189 2 861
a 2 4207 579
a 4207 2 579
a 2 4223 836
a 4223 2 836
a 2 4230 309
a 4230 2 309
a 2 4239 220
a 4239 2 220
a 2 4252 663
a 4252 2 663
a 2 4268 10
a 4268 2 10
a 2 4295 966
a 4295 2 966
a 2 3653 940
a 3653 2 940
a 2 4305 688
a 4305 2 688
a 2 4322 259
a 4322 2 259
a 2 4374 189
a 4374 2 189
a 2 4382 403
a 4382 2 403
a 2 4417 45
a 4417 2 45
a 2 4431 716
a 4431 2 716
a 2 4434 552
a 4434 2 552
a 2 4435 346
a 4435 2 346
a 2 4447 352
a 4447 2 352
a 2 4456 953
a 4456 2 953
a 2 2506 759
a 2506 2 759
a 2 4508 854
a 4508 2 854
a 2 4511 957
a 4511 2 957
a 2 4528 872
a 4528 2 872
a 2 4575 736
a 4575 2 736
a 2 4591 267
a 4591 2 267
a 2 4599 833
a 4599 2 833
a 2 4643 468
a 4643 2 468
a 2 4666 40
a 4666 2 40
a 2 4681 169
a 4681 2 169
a 2 2258 4
a 2258 2 4
a 2 4692 114
a 4692 2 114
a 2 4711 744
a 4711 2 744
a 2 4715 998
a 4715 2 998
a 2 4732 424
a 4732 2 424
a 2 4766 104
a 4766 2 104
a 2 4776 211
a 4776 2 211
a 2 4796 537
a 4796 2 537
a 2 4800 297
a 4800 2 297
a 2 4804 278
a 4804 2 278
a 2 4821 346
a 4821 2 346
a 2 4826 241
a 4826 2 241
a 2 4838 857
a 4838 2 857
a 2 4875 381
a 4875 2 381
a 2 4896 65
a 4896 2 65
a 2 4919 314
a 4919 2 314
a 2 4925 477
a 4925 2 477
a 2 4938 998
a 4938 2 998
a 2 5017 333
a 5017 2 333
a 2 5022 517
a 5022 2 517
a 2 5094 250
a 5094 2 250
a 2 5102 804
a 5102 2 804
a 2 5168 646
a 5168 2 646
a 2 5208 988
a 5208 2 988
a 2 5212 420
a 5212 2 420
a 2 5217 820
a 5217 2 820
a 2 5233 540
a 5233 2 540
a 2 2237 282
a 2237 2 282
a 2 5252 395
a 5252 2 395
a 2 5258 230
a 5258 2 230
a 2 5281 222
a 5281 2 222
a 2 5325 988
a 5325 2 988
a 2 5331 148
a 5331 2 148
a 2 5357 174
a 5357 2 174
a 2 5369 506
a 5369 2 506
a 2 5382 290
a 5382 2 290
a 2 5396 295
a 5396 2 295
a 2 5418 342
a 5418 2 342
a 2 5485 40
a 5485 2 40
a 2 5491 649
a 5491 2 649
a 2 5496 984
a 5496 2 984
a 2 5577 245
a 5577 2 245
a 2 5583 791
a 5583 2 791
a 2 5592 342
a 5592 2 342
a 2 5605 215
a 5605 2 215
a 2 5646 985
a 5646 2 985
a 2 5649 507
a 5649 2 507
a 2 5662 937
a 5662 2 937
a 2 5670 144
a 5670 2 144
a 2 5686 651
a 5686 2 651
a 2 1840 609
a 1840 2 609
a 2 5740 364
a 5740 2 364
a 2 5753 809
a 5753 2 809
a 2 1847 761
a 1847 2 761
a 2 5769 678
a 5769 2 678
a 2 5780 106
a 5780 2 106
a 2 5785 604
a 5785 2 604
a 2 5791 289
a 5791 2 289
a 2 5798 356
a 5798 2 356
a 2 5806 895
a 5806 2 895
a 2 5822 51
a 5822 2 51
a 2 5829 137
a 5829 2 137
a 2 5835 628
a 5835 2 628
a 2 5841 523
a 5841 2 523
a 2 5849 110
a 5849 2 110
a 2 5910 799
a 5910 2 799
a 2 4363 328
a 4363 2 328
a 2 5940 661
a 5940 2 661
a 2 5948 169
a 5948 2 169
a 2 6033 872
a 6033 2 872
a 2 6062 745
a 6062 2 745
a 2 1074 657
a 1074 2 657
a 2 6071 655
a 6071 2 655
a 2 6090 980
a 6090 2 980
a 2 6119 777
a 6119 2 777
a 2 6126 460
a 6126 2 460
a 2 2432 156
a 2432 2 156
a 2 3862 768
a 3862 2 768
a 2 6154 207
a 6154 2 207
a 2 6156 789
a 6156 2 789
a 2 6094 150
a 6094 2 150
a 2 6187 381
a 6187 2 381
a 2 6205 503
a 6205 2 503
a 2 6215 436
a 6215 2 436
a 2 6224 46
a 6224 2 46
a 2 6243 135
a 6243 2 135
a 2 6261 236
a 6261 2 236
a 2 6283 422
a 6283 2 422
a 2 6288 771
a 6288 2 771
a 2 6320 114
a 6320 2 114
a 2 6326 353
a 6326 2 353
a 2 6348 281
a 6348 2 281
a 2 6350 198
a 6350 2 198
a 2 6376 20
a 6376 2 20
a 2 6426 773
a 6426 2 773
a 2 6430 259
a 6430 2 259
a 2 2790 936
a 2790 2 936
a 2 6448 818
a 6448 2 818
a 2 1801 673
a 1801 2 673
a 2 6471 980
a 6471 2 980
a 2 2051 531
a 2051 2 531
a 2 6537 792
a 6537 2 792
a 2 6554 99
a 6554 2 99
a 2 4261 179
a 4261 2 179
a 2 6583 141
a 6583 2 141
a 2 6593 638
a 6593 2 638
a 2 1293 508
a 1293 2 508
a 2 6613 690
a 6613 2 690
a 2 3534 629
a 3534 2 629
a 2 6622 113
a 6622 2 113
a 2 6628 285
a 6628 2 285
a 2 6644 271
a 6644 2 271
a 2 6647 76
a 6647 2 76
a 2 6654 751
a 6654 2 751
a 2 6659 890
a 6659 2 890
a 2 6691 591
a 6691 2 591
a 2 6736 304
a 6736 2 304
a 2 6761 557
a 6761 2 557
a 2 6767 430
a 6767 2 430
a 2 6788 382
a 6788 2 382
a 2 5535 851
a 5535 2 851
a 2 6802 268
a 6802 2 268
a 2 6821 281
a 6821 2 281
a 2 3125 517
a 3125 2 517
a 2 5080 321
a 5080 2 321
a 2 6847 816
a 6847 2 816
a 2 6873 744
a 6873 2 744
a 2 6944 202
a 6944 2 202
a 2 6960 882
a 6960 2 882
a 2 6967 280
a 6967 2 280
a 2 6081 909
a 6081 2 909
a 2 7070 449
a 7070 2 449
a 2 7077 714
a 7077 2 714
a 2 6708 121
a 6708 2 121
a 2 7141 518
a 7141 2 518
a 2 7145 855
a 7145 2 855
a 2 2046 79
a 2046 2 79
a 2 2089 255
a 2089 2 255
a 2 7286 607
a 7286 2 607
a 2 7293 591
a 7293 2 591
a 2 7334 704
a 7334 2 704
a 2 7339 46
a 7339 2 46
a 2 7379 812
a 7379 2 812
a 2 7384 995
a 7384 2 995
a 2 7391 347
a 7391 2 347
a 2 7406 202
a 7406 2 202
a 2 7417 592
a 7417 2 592
a 2 7425 396
a 7425 2 396
a 2 1409 593
a 1409 2 593
a 2 7473 893
a 7473 2 893
a 2 7477 535
a 7477 2 535
a 2 7479 932
a 7479 2 932
a 2 7490 775
a 7490 2 775
a 2 7512 211
a 7512 2 211
a 2 7566 210
a 7566 2 210
a 2 7581 967
a 7581 2 967
a 2 7588 68
a 7588 2 68
a 2 7635 445
a 7635 2 445
a 2 7646 16
a 7646 2 16
a 2 7650 314
a 7650 2 314
a 2 7670 334
a 7670 2 334
a 2 7704 246
a 7704 2 246
a 2 7708 387
a 7708 2 387
a 2 7803 656
a 7803 2 656
a 2 7811 160
a 7811 2 160
a 2 7834 309
a 7834 2 309
a 2 2002 20
a 2002 2 20
a 2 7859 336
a 7859 2 336
a 2 7873 333
a 7873 2 333
a 2 6697 95
a 6697 2 95
a 2 6490 640
a 6490 2 640
a 2 7880 395
a 7880 2 395
a 2 7892 766
a 7892 2 766
a 2 7899 508
a 7899 2 508
a 2 7913 139
a 7913 2 139
a 2 7968 748
a 7968 2 748
a 2 7974 536
a 7974 2 536
a 2 7982 397
a 7982 2 397
a 2 7986 436
a 7986 2 436
a 2 8008 916
a 8008 2 916
a 2 8057 821
a 8057 2 821
a 2 8093 761
a 8093 2 761
a 2 8106 537
a 8106 2 537
a 2 578 244
a 578 2 244
a 2 8144 414
a 8144 2 414
a 2 8157 333
a 8157 2 333
a 2 8164 108
a 8164 2 108
a 2 8169 345
a 8169 2 345
a 2 8173 93
a 8173 2 93
a 2 8181 812
a 8181 2 812
a 2 8188 249
a 8188 2 249
a 2 1856 387
a 1856 2 387
a 2 8268 884
a 8268 2 884
a 2 8273 395
a 8273 2 395
a 2 8279 524
a 8279 2 524
a 2 7623 820
a 7623 2 820
a 2 8306 575
a 8306 2 575
a 2 7240 84
a 7240 2 84
a 2 8331 500
a 8331 2 500
a 2 8334 820
a 8334 2 820
a 2 8344 142
a 8344 2 142
a 2 8354 694
a 8354 2 694
a 2 8408 957
a 8408 2 957
a 2 8414 168
a 8414 2 168
a 2 8458 46
a 8458 2 46
a 2 6511 571
a 6511 2 571
a 2 8515 103
a 8515 2 103
a 2 8530 351
a 8530 2 351
a 2 8628 71
a 8628 2 71
a 2 8636 673
a 8636 2 673
a 2 8658 488
a 8658 2 488
a 2 8665 280
a 8665 2 280
a 2 2718 374
a 2718 2 374
a 2 4135 343
a 4135 2 343
a 2 8710 308
a 8710 2 308
a 2 8716 130
a 8716 2 130
a 2 8748 823
a 8748 2 823
a 2 8757 5
a 8757 2 5
a 2 8776 335
a 8776 2 335
a 2 8788 1
a 8788 2 1
a 2 8795 841
a 8795 2 841
a 2 6912 557
a 6912 2 557
a 2 8813 131
a 8813 2 131
a 2 8833 178
a 8833 2 178
a 2 7464 590
a 7464 2 590
a 2 2292 57
a 2292 2 57
a 2 8901 624
a 8901 2 624
a 2 8905 682
a 8905 2 682
a 2 8910 738
a 8910 2 738
a 2 8933 472
a 8933 2 472
a 2 8943 682
a 8943 2 682
a 2 8959 867
a 8959 2 867
a 2 8984 118
a 8984 2 118
a 2 8988 85
a 8988 2 85
a 2 5146 642
a 5146 2 642
a 2 8424 171
a 8424 2 171
a 2 9064 508
a 9064 2 508
a 2 9122 47
a 9122 2 47
a 2 9139 96
a 9139 2 96
a 2 9161 707
a 9161 2 707
a 2 9189 697
a 9189 2 697
a 2 6080 86
a 6080 2 86
a 2 9214 231
a 9214 2 231
a 2 9225 630
a 9225 2 630
a 2 9252 6
a 9252 2 6
a 2 696 266
a 696 2 266
a 2 9262 426
a 9262 2 426
a 2 9496 245
a 9496 2 245
a 2 9526 264
a 9526 2 264
a 2 1054 54
a 1054 2 54
a 2 9401 65
a 9401 2 65
a 2 9595 251
a 9595 2 251
a 2 9606 102
a 9606 2 102
a 2 6701 527
a 6701 2 527
a 2 9639 948
a 9639 2 948
a 2 9642 846
a 9642 2 846
a 2 2412 839
a 2412 2 839
a 2 2413 732
a 2413 2 732
a 2 9666 585
a 9666 2 585
a 2 9676 404
a 9676 2 404
a 2 2228 599
a 2228 2 599
a 2 7435 304
a 7435 2 304
a 2 9723 343
a 9723 2 343
a 2 2750 680
a 2750 2 680
a 2 9734 691
a 9734 2 691
a 2 9735 342
a 9735 2 342
a 2 9777 804
a 9777 2 804
a 2 9783 716
a 9783 2 716
a 2 7624 981
a 7624 2 981
a 2 9818 626
a 9818 2 626
a 2 9822 976
a 9822 2 976
a 2 9833 873
a 9833 2 873
a 2 9838 529
a 9838 2 529
a 2 9860 697
a 9860 2 697
a 2 9870 450
a 9870 2 450
a 2 9886 12
a 9886 2 12
a 2 9893 513
a 9893 2 513
a 2 9904 686
a 9904 2 686
a 2 9916 541
a 9916 2 541
a 2 9926 337
a 9926 2 337
a 2 9947 640
a 9947 2 640
a 2 10014 714
a 10014 2 714
a 2 10065 146
a 10065 2 146
a 2 10068 748
a 10068 2 748
a 2 10085 615
a 10085 2 615
a 2 2036 774
a 2036 2 774
a 2 10106 146
a 10106 2 146
a 2 7789 613
a 7789 2 613
a 2 10163 843
a 10163 2 843
a 2 10171 969
a 10171 2 969
a 2 10179 127
a 10179 2 127
a 2 10195 755
a 10195 2 755
a 2 10200 952
a 10200 2 952
a 2 9421 501
a 9421 2 501
a 2 8448 899
a 8448 2 899
a 2 10232 624
a 10232 2 624
a 2 10237 920
a 10237 2 920
a 2 10248 776
a 10248 2 776
a 2 1407 74
a 1407 2 74
a 2 10274 365
a 10274 2 365
a 2 10300 273
a 10300 2 273
a 2 10310 835
a 10310 2 835
a 2 10318 96
a 10318 2 96
a 2 10335 276
a 10335 2 276
a 2 10341 955
a 10341 2 955
a 2 9896 662
a 9896 2 662
a 2 10355 64
a 10355 2 64
a 2 10360 727
a 10360 2 727
a 2 10364 656
a 10364 2 656
a 2 2093 120
a 2093 2 120
a 2 10426 407
a 10426 2 407
a 2 994 572
a 994 2 572
a 2 10443 483
a 10443 2 483
a 2 10449 259
a 10449 2 259
a 2 10459 275
a 10459 2 275
a 2 2112 745
a 2112 2 745
a 2 7097 852
a 7097 2 852
a 2 10511 433
a 10511 2 433
a 2 10514 620
a 10514 2 620
a 2 10564 60
a 10564 2 60
a 2 10572 382
a 10572 2 382
a 2 10608 220
a 10608 2 220
a 2 10632 255
a 10632 2 255
a 2 9390 352
a 9390 2 352
a 2 10642 254
a 10642 2 254
a 2 10653 962
a 10653 2 962
a 2 10659 278
a 10659 2 278
a 2 8682 977
a 8682 2 977
a 2 10695 357
a 10695 2 357
a 2 10718 154
a 10718 2 154
a 2 10720 275
a 10720 2 275
a 2 10741 562
a 10741 2 562
a 2 10747 435
a 10747 2 435
a 2 10755 942
a 10755 2 942
a 2 6687 948
a 6687 2 948
a 2 7764 3
a 7764 2 3
a 2 10843 251
a 10843 2 251
a 2 10870 875
a 10870 2 875
a 2 10884 665
a 10884 2 665
a 2 10892 759
a 10892 2 759
a 2 9291 929
a 9291 2 929
a 2 10955 901
a 10955 2 901
a 2 4611 607
a 4611 2 607
a 2 10975 465
a 10975 2 465
a 2 10995 521
a 10995 2 521
a 2 11011 403
a 11011 2 403
a 2 5514 324
a 5514 2 324
a 2 11034 398
a 11034 2 398
a 2 11046 947
a 11046 2 947
a 2 11095 485
a 11095 2 485
a 2 9347 885
a 9347 2 885
a 2 11107 167
a 11107 2 167
a 2 1408 680
a 1408 2 680
a 2 11188 153
a 11188 2 153
a 2 11261 875
a 11261 2 875
a 2 4619 418
a 4619 2 418
a 2 9590 606
a 9590 2 606
a 2 11280 745
a 11280 2 745
a 2 11289 865
a 11289 2 865
a 2 11292 237
a 11292 2 237
a 2 11295 581
a 11295 2 581
a 2 11310 237
a 11310 2 237
a 2 11320 383
a 11320 2 383
a 2 9341 653
a 9341 2 653
a 2 11338 540
a 11338 2 540
a 2 11349 811
a 11349 2 811
a 2 11357 441
a 11357 2 441
a 2 11370 19
a 11370 2 19
a 2 11398 642
a 11398 2 642
a 2 11427 227
a 11427 2 227
a 2 11443 695
a 11443 2 695
a 2 11476 797
a 11476 2 797
a 2 11486 311
a 11486 2 311
a 2 11521 896
a 11521 2 896
a 2 11539 447
a 11539 2 447
a 2 11552 740
a 11552 2 740
a 2 11556 568
a 11556 2 568
a 2 5123 522
a 5123 2 522
a 2 11567 626
a 11567 2 626
a 2 11575 960
a 11575 2 960
a 2 10767 951
a 10767 2 951
a 2 11591 707
a 11591 2 707
a 2 11597 544
a 11597 2 544
a 2 1802 88
a 1802 2 88
a 2 11637 276
a 11637 2 276
a 2 11654 52
a 11654 2 52
a 2 11658 122
a 11658 2 122
a 2 11662 388
a 11662 2 388
a 2 11665 42
a 11665 2 42
a 2 11670 782
a 11670 2 782
a 2 11681 295
a 11681 2 295
a 2 1832 867
a 1832 2 867
a 2 9332 658
a 9332 2 658
a 2 7353 6
a 7353 2 6
a 2 7660 466
a 7660 2 466
a 2 11761 750
a 11761 2 750
a 2 11622 895
a 11622 2 895
a 2 11764 389
a 11764 2 389
a 2 4525 241
a 4525 2 241
a 2 3778 80
a 3778 2 80
a 2 11790 196
a 11790 2 196
a 2 394 629
a 394 2 629
a 2 11836 192
a 11836 2 192
a 2 6888 822
a 6888 2 822
a 2 11886 644
a 11886 2 644
a 2 6499 161
a 6499 2 161
a 2 11919 786
a 11919 2 786
a 2 6896 663
a 6896 2 663
a 2 5541 129
a 5541 2 129
a 2 11951 608
a 11951 2 608
a 2 11973 496
a 11973 2 496
a 2 11989 309
a 11989 2 309
a 2 12010 745
a 12010 2 745
a 2 9294 199
a 9294 2 199
a 2 12026 466
a 12026 2 466
a 2 11238 566
a 11238 2 566
a 2 12067 548
a 12067 2 548
a 2 12071 223
a 12071 2 223
a 2 12075 935
a 12075 2 935
a 2 9322 281
a 9322 2 281
a 2 12118 749
a 12118 2 749
a 2 12120 334
a 12120 2 334
a 2 12133 364
a 12133 2 364
a 2 12145 916
a 12145 2 916
a 2 12152 196
a 12152 2 196
a 2 4527 89
a 4527 2 89
a 2 12177 761
a 12177 2 761
a 2 7099 746
a 7099 2 746
a 2 12193 163
a 12193 2 163
a 2 12196 554
a 12196 2 554
a 2 8112 654
a 8112 2 654
a 2 12399 810
a 12399 2 810
a 2 12406 10
a 12406 2 10
a 2 6914 445
a 6914 2 445
a 2 12451 321
a 12451 2 321
a 2 12465 62
a 12465 2 62
a 2 12492 747
a 12492 2 747
a 2 2082 109
a 2082 2 109
a 2 12513 148
a 12513 2 148
a 2 9457 568
a 9457 2 568
a 2 6898 40
a 6898 2 40
a 2 12549 716
a 12549 2 716
a 2 12561 721
a 12561 2 721
a 2 12566 26
a 12566 2 26
a 2 9320 807
a 9320 2 807
a 2 12587 184
a 12587 2 184
a 2 12600 468
a 12600 2 468
a 2 12608 277
a 12608 2 277
a 2 12612 849
a 12612 2 849
a 2 12624 720
a 12624 2 720
a 2 12634 593
a 12634 2 593
a 2 10777 6
a 10777 2 6
a 2 12717 939
a 12717 2 939
a 2 12728 771
a 12728 2 771
a 2 12732 549
a 12732 2 549
a 2 8522 537
a 8522 2 537
a 2 8379 813
a 8379 2 813
a 2 5003 389
a 5003 2 389
a 2 8509 781
a 8509 2 781
a 2 12811 830
a 12811 2 830
a 2 12817 288
a 12817 2 288
a 2 2232 359
a 2232 2 359
a 2 12839 890
a 12839 2 890
a 2 12919 332
a 12919 2 332
a 2 7761 966
a 7761 2 966
a 2 12938 282
a 12938 2 282
a 2 5870 890
a 5870 2 890
a 2 12992 241
a 12992 2 241
a 2 13006 811
a 13006 2 811
a 2 13064 692
a 13064 2 692
a 2 7854 276
a 7854 2 276
a 2 212 890
a 212 2 890
a 2 13084 172
a 13084 2 172
a 2 13088 426
a 13088 2 426
a 2 13106 723
a 13106 2 723
a 2 12236 838
a 12236 2 838
a 2 7157 460
a 7157 2 460
a 2 5199 440
a 5199 2 440
a 2 13163 416
a 13163 2 416
a 2 4707 92
a 4707 2 92
a 2 12224 314
a 12224 2 314
a 2 13206 384
a 13206 2 384
a 2 8430 315
a 8430 2 315
a 2 13253 721
a 13253 2 721
a 2 13273 356
a 13273 2 356
a 2 13280 631
a 13280 2 631
a 2 13321 66
a 13321 2 66
a 2 13327 144
a 13327 2 144
a 2 13346 383
a 13346 2 383
a 2 13352 733
a 13352 2 733
a 2 3154 231
a 3154 2 231
a 2 13377 523
a 13377 2 523
a 2 13381 118
a 13381 2 118
a 2 13404 545
a 13404 2 545
a 2 5852 691
a 5852 2 691
a 2 13430 325
a 13430 2 325
a 2 13459 879
a 13459 2 879
a 2 9192 571
a 9192 2 571
a 2 13479 662
a 13479 2 662
a 2 10284 767
a 10284 2 767
a 2 13539 879
a 13539 2 879
a 2 13560 102
a 13560 2 102
a 2 13570 641
a 13570 2 641
a 2 11422 301
a 11422 2 301
a 2 7190 381
a 7190 2 381
a 2 13579 421
a 13579 2 421
a 2 5351 568
a 5351 2 568
a 2 13598 511
a 13598 2 511
a 2 5119 114
a 5119 2 114
a 2 13655 729
a 13655 2 729
a 2 7114 506
a 7114 2 506
a 2 4612 926
a 4612 2 926
a 2 12294 952
a 12294 2 952
a 2 13692 5
a 13692 2 5
a 2 13700 119
a 13700 2 119
a 2 13703 631
a 13703 2 631
a 2 9083 953
a 9083 2 953
a 2 13728 309
a 13728 2 309
a 2 13742 493
a 13742 2 493
a 2 2039 50
a 2039 2 50
a 2 13759 824
a 13759 2 824
a 2 13763 604
a 13763 2 604
a 2 13782 709
a 13782 2 709
a 2 11608 674
a 11608 2 674
a 2 13802 948
a 13802 2 948
a 2 5813 140
a 5813 2 140
a 2 13862 157
a 13862 2 157
a 2 8947 561
a 8947 2 561
a 2 13899 822
a 13899 2 822
a 2 13904 285
a 13904 2 285
a 2 13915 156
a 13915 2 156
a 2 9573 995
a 9573 2 995
a 2 13958 8
a 13958 2 8
a 2 13965 986
a 13965 2 986
a 2 13972 963
a 13972 2 963
a 2 13977 346
a 13977 2 346
a 2 13990 284
a 13990 2 284
a 2 14025 227
a 14025 2 227
a 2 12745 173
a 12745 2 173
a 2 14111 72
a 14111 2 72
a 2 14136 710
a 14136 2 710
a 2 2290 389
a 2290 2 389
a 2 14183 298
a 14183 2 298
a 2 14186 894
a 14186 2 894
a 2 14189 869
a 14189 2 869
a 2 14198 139
a 14198 2 139
a 2 12477 414
a 12477 2 414
a 2 14272 911
a 14272 2 911
a 2 1777 784
a 1777 2 784
a 2 14291 615
a 14291 2 615
a 2 14330 529
a 14330 2 529
a 2 14336 698
a 14336 2 698
a 2 14434 900
a 14434 2 900
a 2 8684 527
a 8684 2 527
a 2 14466 148
a 14466 2 148
a 2 2990 66
a 2990 2 66
a 2 14474 49
a 14474 2 49
a 2 6396 789
a 6396 2 789
a 2 14502 131
a 14502 2 131
a 2 9359 99
a 9359 2 99
a 2 14597 348
a 14597 2 348
a 2 9370 677
a 9370 2 677
a 2 2180 419
a 2180 2 419
a 2 3263 717
a 3263 2 717
a 2 8243 982
a 8243 2 982
a 2 14672 124
a 14672 2 124
a 2 14687 231
a 14687 2 231
a 2 14695 539
a 14695 2 539
a 2 14699 394
a 14699 2 394
a 2 14702 32
a 14702 2 32
a 2 1844 552
a 1844 2 552
a 2 14709 526
a 14709 2 526
a 2 14308 43
a 14308 2 43
a 2 14730 972
a 14730 2 972
a 2 14736 846
a 14736 2 846
a 2 14745 7
a 14745 2 7
a 2 14756 630
a 14756 2 630
a 2 14797 559
a 14797 2 559
a 2 7507 450
a 7507 2 450
a 2 14812 273
a 14812 2 273
a 2 4870 332
a 4870 2 332
a 2 9331 887
a 9331 2 887
a 2 14835 278
a 14835 2 278
a 2 9092 732
a 9092 2 732
a 2 14853 468
a 14853 2 468
a 2 5184 815
a 5184 2 815
a 2 14893 553
a 14893 2 553
a 2 6892 242
a 6892 2 242
a 2 12375 215
a 12375 2 215
a 2 14936 405
a 14936 2 405
a 2 8432 809
a 8432 2 809
a 2 14948 95
a 14948 2 95
a 2 14963 100
a 14963 2 100
a 2 14984 875
a 14984 2 875
a 2 14993 540
a 14993 2 540
a 2 12846 562
a 12846 2 562
a 2 15040 827
a 15040 2 827
a 2 2076 77
a 2076 2 77
a 2 15069 126
a 15069 2 126
a 2 15105 908
a 15105 2 908
a 2 10920 337
a 10920 2 337
a 2 9425 931
a 9425 2 931
a 2 11213 428
a 11213 2 428
a 2 3633 746
a 3633 2 746
a 2 15170 406
a 15170 2 406
a 2 9376 443
a 9376 2 443
a 2 15181 937
a 15181 2 937
a 2 15198 304
a 15198 2 304
a 2 9383 975
a 9383 2 975
a 2 15224 81
a 15224 2 81
a 2 15231 53
a 15231 2 53
a 2 2023 128
a 2023 2 128
a 2 15248 778
a 15248 2 778
a 2 15306 399
a 15306 2 399
a 2 4138 45
a 4138 2 45
a 2 15330 327
a 15330 2 327
a 2 15543 723
a 15543 2 723
a 2 11459 821
a 11459 2 821
a 2 15580 643
a 15580 2 643
a 2 13836 147
a 13836 2 147
a 2 15605 433
a 15605 2 433
a 2 14871 453
a 14871 2 453
a 2 556 646
a 556 2 646
a 2 15620 919
a 15620 2 919
a 2 15670 872
a 15670 2 872
a 2 14528 776
a 14528 2 776
a 2 4352 603
a 4352 2 603
a 2 15685 852
a 15685 2 852
a 2 15700 956
a 15700 2 956
a 2 10627 957
a 10627 2 957
a 2 8856 623
a 8856 2 623
a 2 15720 824
a 15720 2 824
a 2 14536 801
a 14536 2 801
a 2 15743 611
a 15743 2 611
a 2 5152 75
a 5152 2 75
a 2 1035 501
a 1035 2 501
a 2 15779 656
a 15779 2 656
a 2 15821 750
a 15821 2 750
a 2 15828 266
a 15828 2 266
a 2 15839 969
a 15839 2 969
a 2 11365 614
a 11365 2 614
a 2 1295 182
a 1295 2 182
a 2 12632 113
a 12632 2 113
a 2 12311 453
a 12311 2 453
a 2 15955 818
a 15955 2 818
a 2 15435 136
a 15435 2 136
a 2 15993 600
a 15993 2 600
a 2 15370 367
a 15370 2 367
a 2 2660 139
a 2660 2 139
a 2 16020 250
a 16020 2 250
a 2 7303 39
a 7303 2 39
a 2 16051 935
a 16051 2 935
a 2 16066 650
a 16066 2 650
a 2 15436 1000
a 15436 2 1000
a 2 9699 127
a 9699 2 127
a 2 9328 412
a 9328 2 412
a 2 9429 27
a 9429 2 27
a 2 16124 648
a 16124 2 648
a 2 16137 826
a 16137 2 826
a 2 16142 519
a 16142 2 519
a 2 13332 201
a 13332 2 201
a 2 7109 914
a 7109 2 914
a 2 1119 607
a 1119 2 607
a 2 15505 344
a 15505 2 344
a 2 16174 135
a 16174 2 135
a 2 2502 708
a 2502 2 708
a 2 16206 555
a 16206 2 555
a 2 12863 338
a 12863 2 338
a 2 3101 878
a 3101 2 878
a 2 12358 56
a 12358 2 56
a 2 15494 728
a 15494 2 728
a 2 16241 141
a 16241 2 141
a 2 16244 154
a 16244 2 154
a 2 15449 172
a 15449 2 172
a 2 16275 678
a 16275 2 678
a 2 15967 441
a 15967 2 441
a 2 15529 711
a 15529 2 711
a 2 16316 305
a 16316 2 305
a 2 16327 432
a 16327 2 432
a 2 16339 10
a 16339 2 10
a 2 15454 956
a 15454 2 956
a 2 1073 193
a 1073 2 193
a 2 14561 311
a 14561 2 311
a 2 15378 248
a 15378 2 248
a 2 16403 450
a 16403 2 450
a 2 16409 662
a 16409 2 662
a 2 16425 401
a 16425 2 401
a 2 16518 970
a 16518 2 970
a 2 2058 119
a 2058 2 119
a 2 16574 709
a 16574 2 709
a 2 14532 522
a 14532 2 522
a 2 6579 672
a 6579 2 672
a 2 16595 232
a 16595 2 232
a 2 2035 952
a 2035 2 952
a 2 6307 353
a 6307 2 353
a 2 15498 746
a 15498 2 746
a 2 3272 705
a 3272 2 705
a 2 7747 473
a 7747 2 473
a 2 7088 967
a 7088 2 967
a 2 16644 741
a 16644 2 741
a 2 16443 121
a 16443 2 121
a 2 16663 560
a 16663 2 560
a 2 12384 16
a 12384 2 16
a 2 10765 721
a 10765 2 721
a 2 15492 164
a 15492 2 164
a 2 16692 439
a 16692 2 439
a 2 16699 221
a 16699 2 221
a 2 16731 954
a 16731 2 954
a 2 1410 87
a 1410 2 87
a 2 7765 987
a 7765 2 987
a 2 6516 780
a 6516 2 780
a 2 6714 287
a 6714 2 287
a 2 16803 418
a 16803 2 418
a 2 9412 852
a 9412 2 852
a 2 7768 257
a 7768 2 257
a 2 16756 753
a 16756 2 753
a 2 10779 444
a 10779 2 444
a 2 5345 330
a 5345 2 330
a 2 14081 549
a 14081 2 549
a 2 16893 912
a 16893 2 912
a 2 16901 51
a 16901 2 51
a 2 16668 557
a 16668 2 557
a 2 14051 937
a 14051 2 937
a 2 8439 969
a 8439 2 969
a 2 16952 529
a 16952 2 529
a 2 16775 19
a 16775 2 19
a 2 16984 992
a 16984 2 992
a 2 12883 11
a 12883 2 11
a 2 16991 195
a 16991 2 195
a 2 6024 396
a 6024 2 396
a 2 9808 255
a 9808 2 255
a 2 17029 909
a 17029 2 909
a 2 2094 482
a 2094 2 482
a 2 16473 907
a 16473 2 907
a 2 16926 513
a 16926 2 513
a 2 9576 605
a 9576 2 605
a 2 8447 293
a 8447 2 293
a 2 17077 500
a 17077 2 500
a 2 17091 670
a 17091 2 670
a 2 8444 409
a 8444 2 409
a 2 1846 742
a 1846 2 742
a 2 17120 137
a 17120 2 137
a 2 12336 942
a 12336 2 942
a 2 9388 904
a 9388 2 904
a 2 16436 228
a 16436 2 228
a 2 9389 157
a 9389 2 157
a 2 5682 905
a 5682 2 905
a 2 7773 757
a 7773 2 757
a 2 17278 479
a 17278 2 479
a 2 3491 823
a 3491 2 823
a 2 14060 341
a 14060 2 341
a 2 12738 353
a 12738 2 353
a 2 5150 716
a 5150 2 716
a 2 2110 699
a 2110 2 699
a 2 17363 131
a 17363 2 131
a 2 17426 463
a 17426 2 463
a 2 12215 372
a 12215 2 372
a 2 12322 385
a 12322 2 385
a 2 17505 643
a 17505 2 643
a 2 9621 366
a 9621 2 366
a 2 17528 283
a 17528 2 283
a 2 304 252
a 304 2 252
a 2 17537 853
a 17537 2 853
a 2 15534 993
a 15534 2 993
a 2 17551 969
a 17551 2 969
a 2 17557 142
a 17557 2 142
a 2 17574 693
a 17574 2 693
a 2 17580 761
a 17580 2 761
a 2 12307 255
a 12307 2 255
a 2 14056 493
a 14056 2 493
a 2 17586 606
a 17586 2 606
a 2 1852 458
a 1852 2 458
a 2 9416 893
a 9416 2 893
a 2 17604 544
a 17604 2 544
a 2 15403 459
a 15403 2 459
a 2 17632 869
a 17632 2 869
a 2 17639 648
a 17639 2 648
a 2 15644 446
a 15644 2 446
a 2 5192 256
a 5192 2 256
a 2 17675 16
a 17675 2 16
a 2 13237 719
a 13237 2 719
a 2 8847 498
a 8847 2 498
a 2 16293 766
a 16293 2 766
a 2 17196 385
a 17196 2 385
a 2 17742 277
a 17742 2 277
a 2 6897 749
a 6897 2 749
a 2 10679 385
a 10679 2 385
a 2 5001 248
a 5001 2 248
a 2 17786 683
a 17786 2 683
a 2 17851 149
a 17851 2 149
a 2 12741 764
a 12741 2 764
a 2 17215 396
a 17215 2 396
a 2 6920 345
a 6920 2 345
a 2 17941 348
a 17941 2 348
a 2 12417 21
a 12417 2 21
a 2 2897 497
a 2897 2 497
a 2 17982 25
a 17982 2 25
a 2 945 716
a 945 2 716
a 2 18009 564
a 18009 2 564
a 2 18056 282
a 18056 2 282
a 2 15467 92
a 15467 2 92
a 2 9349 220
a 9349 2 220
a 2 7106 428
a 7106 2 428
a 2 3504 124
a 3504 2 124
a 2 18112 261
a 18112 2 261
a 2 15497 617
a 15497 2 617
a 2 12687 601
a 12687 2 601
a 2 14358 254
a 14358 2 254
a 2 18161 66
a 18161 2 66
a 2 18183 512
a 18183 2 512
a 2 12856 955
a 12856 2 955
a 2 18213 503
a 18213 2 503
a 2 18245 550
a 18245 2 550
a 2 18248 557
a 18248 2 557
a 2 5136 5
a 5136 2 5
a 2 18255 152
a 18255 2 152
a 2 18259 141
a 18259 2 141
a 2 10985 899
a 10985 2 899
a 2 6787 1000
a 6787 2 1000
a 2 18292 818
a 18292 2 818
a 2 14631 8
a 14631 2 8
a 2 12231 628
a 12231 2 628
a 2 15520 898
a 15520 2 898
a 2 18334 743
a 18334 2 743
a 2 11364 69
a 11364 2 69
a 2 18376 365
a 18376 2 365
a 2 9287 278
a 9287 2 278
a 2 9296 411
a 9296 2 411
a 2 18370 744
a 18370 2 744
a 2 4916 337
a 4916 2 337
a 2 1807 291
a 1807 2 291
a 2 18432 336
a 18432 2 336
a 2 5122 206
a 5122 2 206
a 2 18441 429
a 18441 2 429
a 2 9310 760
a 9310 2 760
a 2 18453 869
a 18453 2 869
a 2 5162 376
a 5162 2 376
a 2 9436 902
a 9436 2 902
a 2 9418 96
a 9418 2 96
a 2 18495 127
a 18495 2 127
a 2 2095 586
a 2095 2 586
a 2 18527 235
a 18527 2 235
a 2 18546 134
a 18546 2 134
a 2 18566 793
a 18566 2 793
a 2 18574 849
a 18574 2 849
a 2 18586 266
a 18586 2 266
a 2 18619 191
a 18619 2 191
a 2 9435 794
a 9435 2 794
a 2 18681 319
a 18681 2 319
a 2 15373 74
a 15373 2 74
a 2 8929 389
a 8929 2 389
a 2 18725 516
a 18725 2 516
a 2 2088 18
a 2088 2 18
a 2 18737 451
a 18737 2 451
a 2 18778 249
a 18778 2 249
a 2 18793 525
a 18793 2 525
a 2 10040 497
a 10040 2 497
a 2 15974 124
a 15974 2 124
a 2 990 2
a 990 2 2
a 2 17783 89
a 17783 2 89
a 2 18868 181
a 18868 2 181
a 2 785 554
a 785 2 554
a 2 18908 208
a 18908 2 208
a 2 15479 783
a 15479 2 783
a 2 581 594
a 581 2 594
a 2 3139 17
a 3139 2 17
a 2 12275 150
a 12275 2 150
a 2 7107 272
a 7107 2 272
a 2 19019 638
a 19019 2 638
a 2 3714 727
a 3714 2 727
a 2 1053 287
a 1053 2 287
a 2 18888 284
a 18888 2 284
a 2 11981 102
a 11981 2 102
a 2 6913 619
a 6913 2 619
a 2 15502 394
a 15502 2 394
a 2 19103 749
a 19103 2 749
a 2 19108 216
a 19108 2 216
a 2 9554 261
a 9554 2 261
a 2 1077 836
a 1077 2 836
a 2 12904 152
a 12904 2 152
a 2 5312 778
a 5312 2 778
a 2 19146 718
a 19146 2 718
a 2 19148 835
a 19148 2 835
a 2 19152 89
a 19152 2 89
a 2 6884 512
a 6884 2 512
a 2 15398 417
a 15398 2 417
a 2 6901 942
a 6901 2 942
a 2 19193 467
a 19193 2 467
a 2 9112 627
a 9112 2 627
a 2 18353 563
a 18353 2 563
a 2 9967 297
a 9967 2 297
a 2 15496 56
a 15496 2 56
a 2 14356 661
a 14356 2 661
a 2 16445 22
a 16445 2 22
a 2 2302 983
a 2302 2 983
a 2 17830 918
a 17830 2 918
a 2 15110 345
a 15110 2 345
a 2 15926 851
a 15926 2 851
a 2 18662 769
a 18662 2 769
a 2 12674 637
a 12674 2 637
a 2 5185 49
a 5185 2 49
a 2 19467 220
a 19467 2 220
a 2 1059 160
a 1059 2 160
a 2 19487 543
a 19487 2 543
a 2 19227 993
a 19227 2 993
a 2 192 872
a 192 2 872
a 2 19599 493
a 19599 2 493
a 2 19617 976
a 19617 2 976
a 2 6493 418
a 6493 2 418
a 2 2236 163
a 2236 2 163
a 2 12289 544
a 12289 2 544
a 2 19677 820
a 19677 2 820
a 2 15648 614
a 15648 2 614
a 2 17202 801
a 17202 2 801
a 2 5520 847
a 5520 2 847
a 2 19714 196
a 19714 2 196
a 2 15533 358
a 15533 2 358
a 2 19738 633
a 19738 2 633
a 2 15485 722
a 15485 2 722
a 2 19745 776
a 19745 2 776
a 2 7771 484
a 7771 2 484
a 2 18674 421
a 18674 2 421
a 2 19767 395
a 19767 2 395
a 2 4607 167
a 4607 2 167
a 2 19777 3
a 19777 2 3
a 2 19782 604
a 19782 2 604
a 2 6517 979
a 6517 2 979
a 2 16770 543
a 16770 2 543
a 2 2725 752
a 2725 2 752
a 2 19836 964
a 19836 2 964
a 2 8224 898
a 8224 2 898
a 2 19852 525
a 19852 2 525
a 2 19855 373
a 19855 2 373
a 2 1863 602
a 1863 2 602
a 2 12365 133
a 12365 2 133
a 2 15397 313
a 15397 2 313
a 2 19871 292
a 19871 2 292
a 2 682 633
a 682 2 633
a 2 16765 298
a 16765 2 298
a 2 12381 685
a 12381 2 685
a 2 9239 917
a 9239 2 917
a 2 15931 461
a 15931 2 461
a 2 19943 21
a 19943 2 21
a 2 12880 826
a 12880 2 826
a 2 18704 198
a 18704 2 198
a 2 15530 890
a 15530 2 890
a 2 19994 612
a 19994 2 612
a 2 8846 649
a 8846 2 649
a 2 20013 198
a 20013 2 198
a 2 20022 815
a 20022 2 815
a 2 15393 796
a 15393 2 796
a 2 9682 372
a 9682 2 372
a 2 5138 464
a 5138 2 464
a 2 19405 751
a 19405 2 751
a 2 19340 336
a 19340 2 336
a 2 20062 776
a 20062 2 776
a 2 12268 232
a 12268 2 232
a 2 15440 814
a 15440 2 814
a 2 6933 734
a 6933 2 734
a 2 9384 381
a 9384 2 381
a 2 20103 705
a 20103 2 705
a 2 20110 677
a 20110 2 677
a 2 9362 684
a 9362 2 684
a 2 20163 307
a 20163 2 307
a 2 19538 851
a 19538 2 851
a 2 20178 560
a 20178 2 560
a 2 9567 940
a 9567 2 940
a 2 9042 579
a 9042 2 579
a 2 15571 698
a 15571 2 698
a 2 17812 473
a 17812 2 473
a 2 7089 334
a 7089 2 334
a 2 15968 280
a 15968 2 280
a 2 20244 618
a 20244 2 618
a 2 11232 790
a 11232 2 790
a 2 20288 152
a 20288 2 152
a 2 8673 195
a 8673 2 195
a 2 20302 108
a 20302 2 108
a 2 15421 743
a 15421 2 743
a 2 20345 428
a 20345 2 428
a 2 20258 603
a 20258 2 603
a 2 20360 961
a 20360 2 961
a 2 20365 637
a 20365 2 637
a 2 20257 805
a 20257 2 805
a 2 17186 669
a 17186 2 669
a 2 20392 843
a 20392 2 843
a 2 20395 803
a 20395 2 803
a 2 12312 567
a 12312 2 567
a 2 20448 468
a 20448 2 468
a 2 9558 260
a 9558 2 260
a 2 20478 393
a 20478 2 393
a 2 20485 437
a 20485 2 437
a 2 7930 32
a 7930 2 32
a 2 10781 693
a 10781 2 693
a 2 14310 104
a 14310 2 104
a 2 12928 249
a 12928 2 249
a 2 16428 152
a 16428 2 152
a 2 14575 849
a 14575 2 849
a 2 14547 979
a 14547 2 979
a 2 19534 825
a 19534 2 825
a 2 12285 902
a 12285 2 902
a 2 6715 643
a 6715 2 643
a 2 20614 980
a 20614 2 980
a 2 14307 435
a 14307 2 435
a 2 20649 277
a 20649 2 277
a 2 12260 140
a 12260 2 140
a 2 14574 829
a 14574 2 829
a 2 19228 630
a 19228 2 630
a 2 6856 529
a 6856 2 529
a 2 9100 61
a 9100 2 61
a 2 20772 923
a 20772 2 923
a 2 12233 487
a 12233 2 487
a 2 20779 403
a 20779 2 403
a 2 20782 244
a 20782 2 244
a 2 20806 307
a 20806 2 307
a 2 10001 451
a 10001 2 451
a 2 15490 216
a 15490 2 216
a 2 16845 359
a 16845 2 359
a 2 20846 910
a 20846 2 910
a 2 6910 806
a 6910 2 806
a 2 17176 993
a 17176 2 993
a 2 4357 904
a 4357 2 904
a 2 15416 868
a 15416 2 868
a 2 17803 930
a 17803 2 930
a 2 17758 557
a 17758 2 557
a 2 14827 790
a 14827 2 790
a 2 14538 558
a 14538 2 558
a 2 20944 329
a 20944 2 329
a 2 20951 162
a 20951 2 162
a 2 20255 24
a 20255 2 24
a 2 14564 28
a 14564 2 28
a 2 20994 746
a 20994 2 746
a 2 9329 616
a 9329 2 616
a 2 7151 15
a 7151 2 15
a 2 3759 231
a 3759 2 231
a 2 8848 64
a 8848 2 64
a 2 21052 162
a 21052 2 162
a 2 12858 232
a 12858 2 232
a 2 17252 770
a 17252 2 770
a 2 8391 186
a 8391 2 186
a 2 19455 777
a 19455 2 777
a 2 21082 583
a 21082 2 583
a 2 20269 602
a 20269 2 602
a 2 12242 981
a 12242 2 981
a 2 21103 736
a 21103 2 736
a 2 21116 915
a 21116 2 915
a 2 5149 626
a 5149 2 626
a 2 9415 871
a 9415 2 871
a 2 21135 95
a 21135 2 95
a 2 17367 414
a 17367 2 414
a 2 12482 183
a 12482 2 183
a 2 18748 861
a 18748 2 861
a 2 21173 727
a 21173 2 727
a 2 15392 933
a 15392 2 933
a 2 20219 992
a 20219 2 992
a 2 8810 750
a 8810 2 750
a 2 21200 848
a 21200 2 848
a 2 19244 140
a 19244 2 140
a 2 16474 30
a 16474 2 30
a 2 21227 730
a 21227 2 730
a 2 21234 246
a 21234 2 246
a 2 15075 489
a 15075 2 489
a 2 12255 826
a 12255 2 826
a 2 9551 699
a 9551 2 699
a 2 17185 364
a 17185 2 364
a 2 16432 271
a 16432 2 271
a 2 21300 249
a 21300 2 249
a 2 1108 300
a 1108 2 300
a 2 19536 214
a 19536 2 214
a 2 3098 149
a 3098 2 149
a 2 4997 642
a 4997 2 642
a 2 20151 83
a 20151 2 83
a 2 11900 903
a 11900 2 903
a 2 17838 561
a 17838 2 561
a 2 21034 820
a 21034 2 820
a 2 8376 349
a 8376 2 349
a 2 16755 972
a 16755 2 972
a 2 21383 197
a 21383 2 197
a 2 19033 681
a 19033 2 681
a 2 14355 395
a 14355 2 395
a 2 2059 504
a 2059 2 504
a 2 12685 84
a 12685 2 84
a 2 8894 837
a 8894 2 837
a 2 21459 99
a 21459 2 99
a 2 20273 283
a 20273 2 283
a 2 21520 43
a 21520 2 43
a 2 21524 548
a 21524 2 548
a 2 7754 677
a 7754 2 677
a 2 15518 853
a 15518 2 853
a 2 21591 640
a 21591 2 640
a 2 21600 885
a 21600 2 885
a 2 2505 437
a 2505 2 437
a 2 21610 429
a 21610 2 429
a 2 12901 943
a 12901 2 943
a 2 302 380
a 302 2 380
a 2 14108 891
a 14108 2 891
a 2 8393 395
a 8393 2 395
a 2 4086 304
a 4086 2 304
a 2 21703 933
a 21703 2 933
a 2 15464 316
a 15464 2 316
a 2 15463 423
a 15463 2 423
a 2 5120 657
a 5120 2 657
a 2 19997 645
a 19997 2 645
a 2 13112 146
a 13112 2 146
a 2 11367 858
a 11367 2 858
a 2 21796 838
a 21796 2 838
a 2 12383 487
a 12383 2 487
a 2 6855 648
a 6855 2 648
a 2 21821 375
a 21821 2 375
a 2 21846 401
a 21846 2 401
a 2 4998 577
a 4998 2 577
a 2 21854 347
a 21854 2 347
a 2 15983 113
a 15983 2 113
a 2 762 5
a 762 2 5
a 2 21895 909
a 21895 2 909
a 2 2298 954
a 2298 2 954
a 2 21903 519
a 21903 2 519
a 2 11211 774
a 11211 2 774
a 2 7098 123
a 7098 2 123
a 2 12272 770
a 12272 2 770
a 2 1842 258
a 1842 2 258
a 2 12666 311
a 12666 2 311
a 2 10383 347
a 10383 2 347
a 2 2301 464
a 2301 2 464
a 2 12664 514
a 12664 2 514
a 2 14546 372
a 14546 2 372
a 2 14350 931
a 14350 2 931
a 2 8240 790
a 8240 2 790
a 2 10117 675
a 10117 2 675
a 2 22019 246
a 22019 2 246
a 2 14882 777
a 14882 2 777
a 2 17826 788
a 17826 2 788
a 2 19401 437
a 19401 2 437
a 2 22052 234
a 22052 2 234
a 2 644 753
a 644 2 753
a 2 1663 997
a 1663 2 997
a 2 22068 38
a 22068 2 38
a 2 2986 964
a 2986 2 964
a 2 5151 244
a 5151 2 244
a 2 16512 372
a 16512 2 372
a 2 14580 941
a 14580 2 941
a 2 8367 608
a 8367 2 608
a 2 22123 300
a 22123 2 300
a 2 22133 310
a 22133 2 310
a 2 22148 102
a 22148 2 102
a 2 16764 337
a 16764 2 337
a 2 22163 587
a 22163 2 587
a 2 6889 483
a 6889 2 483
a 2 22182 338
a 22182 2 338
a 2 15458 199
a 15458 2 199
a 2 12646 613
a 12646 2 613
a 2 22239 570
a 22239 2 570
a 2 5736 913
a 5736 2 913
a 2 22333 928
a 22333 2 928
a 2 1740 267
a 1740 2 267
a 2 2294 825
a 2294 2 825
a 2 22361 261
a 22361 2 261
a 2 12895 813
a 12895 2 813
a 2 12913 759
a 12913 2 759
a 2 13855 337
a 13855 2 337
a 2 8853 944
a 8853 2 944
a 2 10394 530
a 10394 2 530
a 2 19369 530
a 19369 2 530
a 2 22423 347
a 22423 2 347
a 2 22428 850
a 22428 2 850
a 2 17203 165
a 17203 2 165
a 2 9088 947
a 9088 2 947
a 2 14557 114
a 14557 2 114
a 2 19539 382
a 19539 2 382
a 2 22486 855
a 22486 2 855
a 2 15484 780
a 15484 2 780
a 2 6313 214
a 6313 2 214
a 2 6804 992
a 6804 2 992
a 2 1000 40
a 1000 2 40
a 2 22545 194
a 22545 2 194
a 2 8431 613
a 8431 2 613
a 2 7102 148
a 7102 2 148
a 2 7745 799
a 7745 2 799
a 2 12683 536
a 12683 2 536
a 2 22623 609
a 22623 2 609
a 2 7775 349
a 7775 2 349
a 2 15645 81
a 15645 2 81
a 2 4089 670
a 4089 2 670
a 2 18645 865
a 18645 2 865
a 2 8889 971
a 8889 2 971
a 2 7662 695
a 7662 2 695
a 2 15451 373
a 15451 2 373
a 2 779 285
a 779 2 285
a 2 20835 708
a 20835 2 708
a 2 760 313
a 760 2 313
a 2 20281 402
a 20281 2 402
a 2 16849 194
a 16849 2 194
a 2 22786 91
a 22786 2 91
a 2 22790 360
a 22790 2 360
a 2 14357 528
a 14357 2 528
a 2 9543 389
a 9543 2 389
a 2 9544 201
a 9544 2 201
a 2 22845 771
a 22845 2 771
a 2 1780 720
a 1780 2 720
a 2 22856 570
a 22856 2 570
a 2 20795 463
a 20795 2 463
a 2 14088 228
a 14088 2 228
a 2 20148 678
a 20148 2 678
a 2 22929 920
a 22929 2 920
a 2 22935 20
a 22935 2 20
a 2 22951 2
a 22951 2 2
a 2 22955 200
a 22955 2 200
a 2 22985 556
a 22985 2 556
a 2 23000 343
a 23000 2 343
a 2 23009 607
a 23009 2 607
a 2 7152 609
a 7152 2 609
a 2 12326 330
a 12326 2 330
a 2 23077 619
a 23077 2 619
a 2 23086 712
a 23086 2 712
a 2 15390 901
a 15390 2 901
a 2 23102 575
a 23102 2 575
a 2 23113 263
a 23113 2 263
a 2 16744 967
a 16744 2 967
a 2 18067 263
a 18067 2 263
a 2 9393 785
a 9393 2 785
a 2 21510 411
a 21510 2 411
a 2 13910 977
a 13910 2 977
a 2 19551 391
a 19551 2 391
a 2 6522 794
a 6522 2 794
a 2 8676 333
a 8676 2 333
a 2 2295 608
a 2295 2 608
a 2 7958 112
a 7958 2 112
a 2 14104 580
a 14104 2 580
a 2 8442 329
a 8442 2 329
a 2 23290 429
a 23290 2 429
a 2 23318 215
a 23318 2 215
a 2 15516 472
a 15516 2 472
a 2 15472 914
a 15472 2 914
a 2 23366 989
a 23366 2 989
a 2 23367 83
a 23367 2 83
a 2 8072 816
a 8072 2 816
a 2 23371 550
a 23371 2 550
a 2 8207 930
a 8207 2 930
a 2 13450 210
a 13450 2 210
a 2 17793 335
a 17793 2 335
a 2 17205 632
a 17205 2 632
a 2 6521 116
a 6521 2 116
a 2 15413 848
a 15413 2 848
a 2 23454 596
a 23454 2 596
a 2 17250 267
a 17250 2 267
a 2 9371 273
a 9371 2 273
a 2 23465 70
a 23465 2 70
a 2 23502 175
a 23502 2 175
a 2 10784 999
a 10784 2 999
a 2 5815 764
a 5815 2 764
a 2 18647 174
a 18647 2 174
a 2 23519 567
a 23519 2 567
a 2 9548 501
