c fake map
c fake map
c fake map
c fake map
p sp 37303 223480
c graph contains 37303 nodes and 223480 arcs
c
a 1 2 798
a 2 1 798
a 1 3 836
a 3 1 836
a 1 4 783
a 4 1 783
a 1 5 856
a 5 1 856
a 1 6 514
a 6 1 514
a 1 7 377
a 7 1 377
a 1 547 515
a 547 1 515
a 1 1247 340
a 1247 1 340
a 2 20 579
a 20 2 579
a 2 69 659
a 69 2 659
a 2 79 955
a 79 2 955
a 2 82 30
a 82 2 30
a 2 97 86
a 97 2 86
a 2 105 463
a 105 2 463
a 2 125 646
a 125 2 646
a 2 197 113
a 197 2 113
a 2 235 30
a 235 2 30
a 2 239 731
a 239 2 731
a 2 267 253
a 267 2 253
a 2 294 483
a 294 2 483
a 2 306 62
a 306 2 62
a 2 309 116
a 309 2 116
a 2 337 195
a 337 2 195
a 2 403 540
a 403 2 540
a 2 464 449
a 464 2 449
a 2 465 382
a 465 2 382
a 2 469 795
a 469 2 795
a 2 487 993
a 487 2 993
a 2 542 30
a 542 2 30
a 2 596 6
a 596 2 6
a 2 613 104
a 613 2 104
a 2 718 44
a 718 2 44
a 2 739 227
a 739 2 227
a 2 795 520
a 795 2 520
a 2 801 393
a 801 2 393
a 2 812 435
a 812 2 435
a 2 816 718
a 816 2 718
a 2 827 501
a 827 2 501
a 2 863 695
a 863 2 695
a 2 877 506
a 877 2 506
a 2 924 323
a 924 2 323
a 2 933 379
a 933 2 379
a 2 959 630
a 959 2 630
a 2 1088 125
a 1088 2 125
a 2 1097 525
a 1097 2 525
a 2 1129 951
a 1129 2 951
a 2 1138 577
a 1138 2 577
a 2 1147 1
a 1147 2 1
a 2 1152 596
a 1152 2 596
a 2 1189 491
a 1189 2 491
a 2 1192 394
a 1192 2 394
a 2 1198 944
a 1198 2 944
a 2 1210 28
a 1210 2 28
a 2 1236 157
a 1236 2 157
a 2 1242 515
a 1242 2 515
a 2 1265 805
a 1265 2 805
a 2 1269 644
a 1269 2 644
a 2 1284 220
a 1284 2 220
a 2 1321 721
a 1321 2 721
a 2 1348 94
a 1348 2 94
a 2 1356 512
a 1356 2 512
a 2 1384 392
a 1384 2 392
a 2 1390 378
a 1390 2 378
a 2 1397 453
a 1397 2 453
a 2 1417 701
a 1417 2 701
a 2 1448 611
a 1448 2 611
a 2 1457 182
a 1457 2 182
a 2 1463 686
a 1463 2 686
a 2 1472 555
a 1472 2 555
a 2 1538 651
a 1538 2 651
a 2 1168 154
a 1168 2 154
a 2 1061 99
a 1061 2 99
a 2 1598 58
a 1598 2 58
a 2 1604 491
a 1604 2 491
a 2 1610 12
a 1610 2 12
a 2 1617 337
a 1617 2 337
a 2 1638 602
a 1638 2 602
a 2 1644 280
a 1644 2 280
a 2 1671 303
a 1671 2 303
a 2 1680 665
a 1680 2 665
a 2 1714 298
a 1714 2 298
a 2 1728 245
a 1728 2 245
a 2 1732 770
a 1732 2 770
a 2 1761 715
a 1761 2 715
a 2 1763 996
a 1763 2 996
a 2 1795 494
a 1795 2 494
a 2 1798 289
a 1798 2 289
a 2 1870 708
a 1870 2 708
a 2 1879 466
a 1879 2 466
a 2 1884 820
a 1884 2 820
a 2 1893 336
a 1893 2 336
a 2 1911 864
a 1911 2 864
a 2 1921 905
a 1921 2 905
a 2 1928 685
a 1928 2 685
a 2 1936 233
a 1936 2 233
a 2 1971 945
a 1971 2 945
a 2 1988 629
a 1988 2 629
a 2 1993 333
a 1993 2 333
a 2 2018 606
a 2018 2 606
a 2 2128 34
a 2128 2 34
a 2 2157 220
a 2157 2 220
a 2 2168 308
a 2168 2 308
a 2 2191 951
a 2191 2 951
a 2 1003 64
a 1003 2 64
a 2 2201 88
a 2201 2 88
a 2 2214 491
a 2214 2 491
a 2 2262 597
a 2262 2 597
a 2 2273 104
a 2273 2 104
a 2 2287 436
a 2287 2 436
a 2 2310 614
a 2310 2 614
a 2 2317 947
a 2317 2 947
a 2 2347 582
a 2347 2 582
a 2 2349 520
a 2349 2 520
a 2 2365 422
a 2365 2 422
a 2 2384 863
a 2384 2 863
a 2 2391 522
a 2391 2 522
a 2 2398 701
a 2398 2 701
a 2 2405 996
a 2405 2 996
a 2 2463 681
a 2463 2 681
a 2 209 183
a 209 2 183
a 2 2526 319
a 2526 2 319
a 2 2535 978
a 2535 2 978
a 2 1028 100
a 1028 2 100
a 2 2547 508
a 2547 2 508
a 2 2550 286
a 2550 2 286
a 2 2557 46
a 2557 2 46
a 2 2597 119
a 2597 2 119
a 2 2610 898
a 2610 2 898
a 2 2613 528
a 2613 2 528
a 2 2621 151
a 2621 2 151
a 2 2631 217
a 2631 2 217
a 2 2665 56
a 2665 2 56
a 2 780 749
a 780 2 749
a 2 2726 538
a 2726 2 538
a 2 2732 276
a 2732 2 276
a 2 2742 605
a 2742 2 605
a 2 2761 214
a 2761 2 214
a 2 2797 175
a 2797 2 175
a 2 782 915
a 782 2 915
a 2 2917 1
a 2917 2 1
a 2 2961 184
a 2961 2 184
a 2 2976 570
a 2976 2 570
a 2 3014 824
a 3014 2 824
a 2 3030 622
a 3030 2 622
a 2 3041 927
a 3041 2 927
a 2 3045 326
a 3045 2 326
a 2 3051 706
a 3051 2 706
a 2 3059 778
a 3059 2 778
a 2 2053 64
a 2053 2 64
a 2 3077 210
a 3077 2 210
a 2 3081 400
a 3081 2 400
a 2 3102 58
a 3102 2 58
a 2 3161 660
a 3161 2 660
a 2 3168 958
a 3168 2 958
a 2 3177 490
a 3177 2 490
a 2 3184 83
a 3184 2 83
a 2 2055 78
a 2055 2 78
a 2 3238 321
a 3238 2 321
a 2 3252 698
a 3252 2 698
a 2 381 267
a 381 2 267
a 2 3286 247
a 3286 2 247
a 2 3296 688
a 3296 2 688
a 2 3325 655
a 3325 2 655
a 2 3330 616
a 3330 2 616
a 2 3351 913
a 3351 2 913
a 2 1030 698
a 1030 2 698
a 2 3361 158
a 3361 2 158
a 2 3369 703
a 3369 2 703
a 2 3379 886
a 3379 2 886
a 2 3384 233
a 3384 2 233
a 2 3398 662
a 3398 2 662
a 2 3404 443
a 3404 2 443
a 2 3434 876
a 3434 2 876
a 2 3459 593
a 3459 2 593
a 2 991 148
a 991 2 148
a 2 3497 76
a 3497 2 76
a 2 3508 656
a 3508 2 656
a 2 3510 816
a 3510 2 816
a 2 3522 503
a 3522 2 503
a 2 3529 515
a 3529 2 515
a 2 3539 758
a 3539 2 758
a 2 3554 53
a 3554 2 53
a 2 3563 483
a 3563 2 483
a 2 3572 390
a 3572 2 390
a 2 3584 805
a 3584 2 805
a 2 3610 252
a 3610 2 252
a 2 3644 341
a 3644 2 341
a 2 2251 587
a 2251 2 587
a 2 3691 71
a 3691 2 71
a 2 3738 172
a 3738 2 172
a 2 3744 429
a 3744 2 429
a 2 3770 909
a 3770 2 909
a 2 3774 150
a 3774 2 150
a 2 3785 957
a 3785 2 957
a 2 3810 486
a 3810 2 486
a 2 3831 701
a 3831 2 701
a 2 3842 698
a 3842 2 698
a 2 3850 917
a 3850 2 917
a 2 3867 125
a 3867 2 125
a 2 3887 29
a 3887 2 29
a 2 3902 703
a 3902 2 703
a 2 3916 185
a 3916 2 185
a 2 3924 544
a 3924 2 544
a 2 3955 964
a 3955 2 964
a 2 3973 969
a 3973 2 969
a 2 3975 869
a 3975 2 869
a 2 4029 455
a 4029 2 455
a 2 4038 227
a 4038 2 227
a 2 4056 180
a 4056 2 180
a 2 3003 372
a 3003 2 372
a 2 4072 240
a 4072 2 240
a 2 4079 883
a 4079 2 883
a 2 4100 937
a 4100 2 937
a 2 4112 785
a 4112 2 785
a 2 4124 208
a 4124 2 208
a 2 4144 342
a 4144 2 342
a 2 4167 568
a 4167 2 568
a 2 4172 26
a 4172 2 26
a 2 4182 438
a 4182 2 438
a 2 4189 344
a 4189 2 344
a 2 4207 890
a 4207 2 890
a 2 4223 165
a 4223 2 165
a 2 4230 234
a 4230 2 234
a 2 4239 123
a 4239 2 123
a 2 4252 253
a 4252 2 253
a 2 4268 399
a 4268 2 399
a 2 4295 19
a 4295 2 19
a 2 3653 905
a 3653 2 905
a 2 4305 155
a 4305 2 155
a 2 4322 519
a 4322 2 519
a 2 4374 639
a 4374 2 639
a 2 4382 565
a 4382 2 565
a 2 4417 323
a 4417 2 323
a 2 4431 264
a 4431 2 264
a 2 4434 629
a 4434 2 629
a 2 4435 682
a 4435 2 682
a 2 4447 45
a 4447 2 45
a 2 4456 466
a 4456 2 466
a 2 2506 535
a 2506 2 535
a 2 4508 27
a 4508 2 27
a 2 4511 425
a 4511 2 425
a 2 4528 28
a 4528 2 28
a 2 4575 454
a 4575 2 454
a 2 4591 332
a 4591 2 332
a 2 4599 771
a 4599 2 771
a 2 4643 456
a 4643 2 456
a 2 4666 986
a 4666 2 986
a 2 4681 452
a 4681 2 452
a 2 2258 583
a 2258 2 583
a 2 4692 438
a 4692 2 438
a 2 4711 1000
a 4711 2 1000
a 2 4715 65
a 4715 2 65
a 2 4732 196
a 4732 2 196
a 2 4766 421
a 4766 2 421
a 2 4776 204
a 4776 2 204
a 2 4796 347
a 4796 2 347
a 2 4800 474
a 4800 2 474
a 2 4804 700
a 4804 2 700
a 2 4821 276
a 4821 2 276
a 2 4826 683
a 4826 2 683
a 2 4838 676
a 4838 2 676
a 2 4875 198
a 4875 2 198
a 2 4896 60
a 4896 2 60
a 2 4919 538
a 4919 2 538
a 2 4925 521
a 4925 2 521
a 2 4938 193
a 4938 2 193
a 2 5017 441
a 5017 2 441
a 2 5022 172
a 5022 2 172
a 2 5094 671
a 5094 2 671
a 2 5102 189
a 5102 2 189
a 2 5168 963
a 5168 2 963
a 2 5208 377
a 5208 2 377
a 2 5212 48
a 5212 2 48
a 2 5217 77
a 5217 2 77
a 2 5233 376
a 5233 2 376
a 2 2237 185
a 2237 2 185
a 2 5252 272
a 5252 2 272
a 2 5258 874
a 5258 2 874
a 2 5281 552
a 5281 2 552
a 2 5325 168
a 5325 2 168
a 2 5331 880
a 5331 2 880
a 2 5357 890
a 5357 2 890
a 2 5369 360
a 5369 2 360
a 2 5382 771
a 5382 2 771
a 2 5396 935
a 5396 2 935
a 2 5418 789
a 5418 2 789
a 2 5485 630
a 5485 2 630
a 2 5491 400
a 5491 2 400
a 2 5496 695
a 5496 2 695
a 2 5577 484
a 5577 2 484
a 2 5583 89
a 5583 2 89
a 2 5592 864
a 5592 2 864
a 2 5605 938
a 5605 2 938
a 2 5646 337
a 5646 2 337
a 2 5649 396
a 5649 2 396
a 2 5662 224
a 5662 2 224
a 2 5670 693
a 5670 2 693
a 2 5686 787
a 5686 2 787
a 2 1840 339
a 1840 2 339
a 2 5740 123
a 5740 2 123
a 2 5753 742
a 5753 2 742
a 2 1847 903
a 1847 2 903
a 2 5769 281
a 5769 2 281
a 2 5780 840
a 5780 2 840
a 2 5785 666
a 5785 2 666
a 2 5791 419
a 5791 2 419
a 2 5798 210
a 5798 2 210
a 2 5806 660
a 5806 2 660
a 2 5822 41
a 5822 2 41
a 2 5829 90
a 5829 2 90
a 2 5835 282
a 5835 2 282
a 2 5841 179
a 5841 2 179
a 2 5849 772
a 5849 2 772
a 2 5910 712
a 5910 2 712
a 2 4363 297
a 4363 2 297
a 2 5940 971
a 5940 2 971
a 2 5948 264
a 5948 2 264
a 2 6033 29
a 6033 2 29
a 2 6062 849
a 6062 2 849
a 2 1074 714
a 1074 2 714
a 2 6071 919
a 6071 2 919
a 2 6090 590
a 6090 2 590
a 2 6119 65
a 6119 2 65
a 2 6126 29
a 6126 2 29
a 2 2432 424
a 2432 2 424
a 2 3862 276
a 3862 2 276
a 2 6154 615
a 6154 2 615
a 2 6156 640
a 6156 2 640
a 2 6094 623
a 6094 2 623
a 2 6187 281
a 6187 2 281
a 2 6205 255
a 6205 2 255
a 2 6215 546
a 6215 2 546
a 2 6224 275
a 6224 2 275
a 2 6243 965
a 6243 2 965
a 2 6261 802
a 6261 2 802
a 2 6283 661
a 6283 2 661
a 2 6288 294
a 6288 2 294
a 2 6320 404
a 6320 2 404
a 2 6326 442
a 6326 2 442
a 2 6348 250
a 6348 2 250
a 2 6350 352
a 6350 2 352
a 2 6376 294
a 6376 2 294
a 2 6426 130
a 6426 2 130
a 2 6430 954
a 6430 2 954
a 2 2790 10
a 2790 2 10
a 2 6448 868
a 6448 2 868
a 2 1801 347
a 1801 2 347
a 2 6471 669
a 6471 2 669
a 2 2051 527
a 2051 2 527
a 2 6537 849
a 6537 2 849
a 2 6554 793
a 6554 2 793
a 2 4261 115
a 4261 2 115
a 2 6583 665
a 6583 2 665
a 2 6593 932
a 6593 2 932
a 2 1293 344
a 1293 2 344
a 2 6613 754
a 6613 2 754
a 2 3534 8
a 3534 2 8
a 2 6622 249
a 6622 2 249
a 2 6628 46
a 6628 2 46
a 2 6644 720
a 6644 2 720
a 2 6647 479
a 6647 2 479
a 2 6654 919
a 6654 2 919
a 2 6659 692
a 6659 2 692
a 2 6691 603
a 6691 2 603
a 2 6736 114
a 6736 2 114
a 2 6761 973
a 6761 2 973
a 2 6767 273
a 6767 2 273
a 2 6788 857
a 6788 2 857
a 2 5535 855
a 5535 2 855
a 2 6802 865
a 6802 2 865
a 2 6821 489
a 6821 2 489
a 2 3125 446
a 3125 2 446
a 2 5080 355
a 5080 2 355
a 2 6847 48
a 6847 2 48
a 2 6873 862
a 6873 2 862
a 2 6944 578
a 6944 2 578
a 2 6960 964
a 6960 2 964
a 2 6967 138
a 6967 2 138
a 2 6081 123
a 6081 2 123
a 2 7070 265
a 7070 2 265
a 2 7077 921
a 7077 2 921
a 2 6708 161
a 6708 2 161
a 2 7141 840
a 7141 2 840
a 2 7145 129
a 7145 2 129
a 2 2046 590
a 2046 2 590
a 2 2089 780
a 2089 2 780
a 2 7286 948
a 7286 2 948
a 2 7293 295
a 7293 2 295
a 2 7334 889
a 7334 2 889
a 2 7339 156
a 7339 2 156
a 2 7379 937
a 7379 2 937
a 2 7384 821
a 7384 2 821
a 2 7391 947
a 7391 2 947
a 2 7406 120
a 7406 2 120
a 2 7417 649
a 7417 2 649
a 2 7425 949
a 7425 2 949
a 2 1409 525
a 1409 2 525
a 2 7473 905
a 7473 2 905
a 2 7477 485
a 7477 2 485
a 2 7479 371
a 7479 2 371
a 2 7490 784
a 7490 2 784
a 2 7512 884
a 7512 2 884
a 2 7566 900
a 7566 2 900
a 2 7581 627
a 7581 2 627
a 2 7588 895
a 7588 2 895
a 2 7635 929
a 7635 2 929
a 2 7646 175
a 7646 2 175
a 2 7650 651
a 7650 2 651
a 2 7670 324
a 7670 2 324
a 2 7704 741
a 7704 2 741
a 2 7708 506
a 7708 2 506
a 2 7803 215
a 7803 2 215
a 2 7811 876
a 7811 2 876
a 2 7834 174
a 7834 2 174
a 2 2002 97
a 2002 2 97
a 2 7859 613
a 7859 2 613
a 2 7873 556
a 7873 2 556
a 2 6697 15
a 6697 2 15
a 2 6490 153
a 6490 2 153
a 2 7880 866
a 7880 2 866
a 2 7892 424
a 7892 2 424
a 2 7899 476
a 7899 2 476
a 2 7913 658
a 7913 2 658
a 2 7968 325
a 7968 2 325
a 2 7974 95
a 7974 2 95
a 2 7982 143
a 7982 2 143
a 2 7986 145
a 7986 2 145
a 2 8008 792
a 8008 2 792
a 2 8057 885
a 8057 2 885
a 2 8093 528
a 8093 2 528
a 2 8106 731
a 8106 2 731
a 2 578 588
a 578 2 588
a 2 8144 602
a 8144 2 602
a 2 8157 710
a 8157 2 710
a 2 8164 722
a 8164 2 722
a 2 8169 248
a 8169 2 248
a 2 8173 101
a 8173 2 101
a 2 8181 443
a 8181 2 443
a 2 8188 291
a 8188 2 291
a 2 1856 355
a 1856 2 355
a 2 8268 856
a 8268 2 856
a 2 8273 494
a 8273 2 494
a 2 8279 861
a 8279 2 861
a 2 7623 33
a 7623 2 33
a 2 8306 375
a 8306 2 375
a 2 7240 139
a 7240 2 139
a 2 8331 941
a 8331 2 941
a 2 8334 451
a 8334 2 451
a 2 8344 620
a 8344 2 620
a 2 8354 15
a 8354 2 15
a 2 8408 448
a 8408 2 448
a 2 8414 858
a 8414 2 858
a 2 8458 791
a 8458 2 791
a 2 6511 802
a 6511 2 802
a 2 8515 810
a 8515 2 810
a 2 8530 46
a 8530 2 46
a 2 8628 872
a 8628 2 872
a 2 8636 856
a 8636 2 856
a 2 8658 264
a 8658 2 264
a 2 8665 37
a 8665 2 37
a 2 2718 150
a 2718 2 150
a 2 4135 213
a 4135 2 213
a 2 8710 528
a 8710 2 528
a 2 8716 504
a 8716 2 504
a 2 8748 583
a 8748 2 583
a 2 8757 895
a 8757 2 895
a 2 8776 786
a 8776 2 786
a 2 8788 855
a 8788 2 855
a 2 8795 955
a 8795 2 955
a 2 6912 416
a 6912 2 416
a 2 8813 502
a 8813 2 502
a 2 8833 804
a 8833 2 804
a 2 7464 239
a 7464 2 239
a 2 2292 828
a 2292 2 828
a 2 8901 620
a 8901 2 620
a 2 8905 213
a 8905 2 213
a 2 8910 966
a 8910 2 966
a 2 8933 326
a 8933 2 326
a 2 8943 664
a 8943 2 664
a 2 8959 714
a 8959 2 714
a 2 8984 437
a 8984 2 437
a 2 8988 658
a 8988 2 658
a 2 5146 538
a 5146 2 538
a 2 8424 420
a 8424 2 420
a 2 9064 77
a 9064 2 77
a 2 9122 882
a 9122 2 882
a 2 9139 350
a 9139 2 350
a 2 9161 84
a 9161 2 84
a 2 9189 847
a 9189 2 847
a 2 6080 6
a 6080 2 6
a 2 9214 723
a 9214 2 723
a 2 9225 892
a 9225 2 892
a 2 9252 425
a 9252 2 425
a 2 696 134
a 696 2 134
a 2 9262 56
a 9262 2 56
a 2 9496 697
a 9496 2 697
a 2 9526 592
a 9526 2 592
a 2 1054 842
a 1054 2 842
a 2 9401 92
a 9401 2 92
a 2 9595 936
a 9595 2 936
a 2 9606 672
a 9606 2 672
a 2 6701 569
a 6701 2 569
a 2 9639 397
a 9639 2 397
a 2 9642 45
a 9642 2 45
a 2 2412 922
a 2412 2 922
a 2 2413 490
a 2413 2 490
a 2 9666 580
a 9666 2 580
a 2 9676 835
a 9676 2 835
a 2 2228 292
a 2228 2 292
a 2 7435 394
a 7435 2 394
a 2 9723 925
a 9723 2 925
a 2 2750 568
a 2750 2 568
a 2 9734 165
a 9734 2 165
a 2 9735 183
a 9735 2 183
a 2 9777 844
a 9777 2 844
a 2 9783 334
a 9783 2 334
a 2 7624 361
a 7624 2 361
a 2 9818 550
a 9818 2 550
a 2 9822 264
a 9822 2 264
a 2 9833 578
a 9833 2 578
a 2 9838 472
a 9838 2 472
a 2 9860 218
a 9860 2 218
a 2 9870 330
a 9870 2 330
a 2 9886 131
a 9886 2 131
a 2 9893 985
a 9893 2 985
a 2 9904 439
a 9904 2 439
a 2 9916 792
a 9916 2 792
a 2 9926 236
a 9926 2 236
a 2 9947 372
a 9947 2 372
a 2 10014 429
a 10014 2 429
a 2 10065 255
a 10065 2 255
a 2 10068 947
a 10068 2 947
a 2 10085 412
a 10085 2 412
a 2 2036 302
a 2036 2 302
a 2 10106 747
a 10106 2 747
a 2 7789 254
a 7789 2 254
a 2 10163 585
a 10163 2 585
a 2 10171 122
a 10171 2 122
a 2 10179 167
a 10179 2 167
a 2 10195 814
a 10195 2 814
a 2 10200 293
a 10200 2 293
a 2 9421 767
a 9421 2 767
a 2 8448 682
a 8448 2 682
a 2 10232 666
a 10232 2 666
a 2 10237 253
a 10237 2 253
a 2 10248 874
a 10248 2 874
a 2 1407 289
a 1407 2 289
a 2 10274 385
a 10274 2 385
a 2 10300 127
a 10300 2 127
a 2 10310 120
a 10310 2 120
a 2 10318 439
a 10318 2 439
a 2 10335 283
a 10335 2 283
a 2 10341 141
a 10341 2 141
a 2 9896 713
a 9896 2 713
a 2 10355 549
a 10355 2 549
a 2 10360 603
a 10360 2 603
a 2 10364 386
a 10364 2 386
a 2 2093 522
a 2093 2 522
a 2 10426 750
a 10426 2 750
a 2 994 569
a 994 2 569
a 2 10443 198
a 10443 2 198
a 2 10449 921
a 10449 2 921
a 2 10459 906
a 10459 2 906
a 2 2112 631
a 2112 2 631
a 2 7097 951
a 7097 2 951
a 2 10511 791
a 10511 2 791
a 2 10514 377
a 10514 2 377
a 2 10564 512
a 10564 2 512
a 2 10572 119
a 10572 2 119
a 2 10608 447
a 10608 2 447
a 2 10632 389
a 10632 2 389
a 2 9390 860
a 9390 2 860
a 2 10642 275
a 10642 2 275
a 2 10653 686
a 10653 2 686
a 2 10659 812
a 10659 2 812
a 2 8682 535
a 8682 2 535
a 2 10695 858
a 10695 2 858
a 2 10718 331
a 10718 2 331
a 2 10720 262
a 10720 2 262
a 2 10741 637
a 10741 2 637
a 2 10747 759
a 10747 2 759
a 2 10755 280
a 10755 2 280
a 2 6687 66
a 6687 2 66
a 2 7764 324
a 7764 2 324
a 2 10843 668
a 10843 2 668
a 2 10870 7
a 10870 2 7
a 2 10884 420
a 10884 2 420
a 2 10892 324
a 10892 2 324
a 2 9291 848
a 9291 2 848
a 2 10955 882
a 10955 2 882
a 2 4611 424
a 4611 2 424
a 2 10975 965
a 10975 2 965
a 2 10995 55
a 10995 2 55
a 2 11011 473
a 11011 2 473
a 2 5514 268
a 5514 2 268
a 2 11034 360
a 11034 2 360
a 2 11046 801
a 11046 2 801
a 2 11095 147
a 11095 2 147
a 2 9347 92
a 9347 2 92
a 2 11107 350
a 11107 2 350
a 2 1408 137
a 1408 2 137
a 2 11188 199
a 11188 2 199
a 2 11261 244
a 11261 2 244
a 2 4619 453
a 4619 2 453
a 2 9590 395
a 9590 2 395
a 2 11280 26
a 11280 2 26
a 2 11289 119
a 11289 2 119
a 2 11292 302
a 11292 2 302
a 2 11295 11
a 11295 2 11
a 2 11310 803
a 11310 2 803
a 2 11320 978
a 11320 2 978
a 2 9341 900
a 9341 2 900
a 2 11338 174
a 11338 2 174
a 2 11349 900
a 11349 2 900
a 2 11357 985
a 11357 2 985
a 2 11370 438
a 11370 2 438
a 2 11398 316
a 11398 2 316
a 2 11427 458
a 11427 2 458
a 2 11443 110
a 11443 2 110
a 2 11476 322
a 11476 2 322
a 2 11486 282
a 11486 2 282
a 2 11521 192
a 11521 2 192
a 2 11539 671
a 11539 2 671
a 2 11552 132
a 11552 2 132
a 2 11556 561
a 11556 2 561
a 2 5123 970
a 5123 2 970
a 2 11567 54
a 11567 2 54
a 2 11575 137
a 11575 2 137
a 2 10767 645
a 10767 2 645
a 2 11591 646
a 11591 2 646
a 2 11597 891
a 11597 2 891
a 2 1802 251
a 1802 2 251
a 2 11637 896
a 11637 2 896
a 2 11654 720
a 11654 2 720
a 2 11658 50
a 11658 2 50
a 2 11662 393
a 11662 2 393
a 2 11665 5
a 11665 2 5
a 2 11670 129
a 11670 2 129
a 2 11681 962
a 11681 2 962
a 2 1832 217
a 1832 2 217
a 2 9332 558
a 9332 2 558
a 2 7353 165
a 7353 2 165
a 2 7660 499
a 7660 2 499
a 2 11761 426
a 11761 2 426
a 2 11622 502
a 11622 2 502
a 2 11764 702
a 11764 2 702
a 2 4525 667
a 4525 2 667
a 2 3778 958
a 3778 2 958
a 2 11790 537
a 11790 2 537
a 2 394 28
a 394 2 28
a 2 11836 10
a 11836 2 10
a 2 6888 50
a 6888 2 50
a 2 11886 800
a 11886 2 800
a 2 6499 614
a 6499 2 614
a 2 11919 902
a 11919 2 902
a 2 6896 819
a 6896 2 819
a 2 5541 846
a 5541 2 846
a 2 11951 534
a 11951 2 534
a 2 11973 572
a 11973 2 572
a 2 11989 883
a 11989 2 883
a 2 12010 920
a 12010 2 920
a 2 9294 958
a 9294 2 958
a 2 12026 951
a 12026 2 951
a 2 11238 770
a 11238 2 770
a 2 12067 556
a 12067 2 556
a 2 12071 667
a 12071 2 667
a 2 12075 271
a 12075 2 271
a 2 9322 306
a 9322 2 306
a 2 12118 305
a 12118 2 305
a 2 12120 942
a 12120 2 942
a 2 12133 229
a 12133 2 229
a 2 12145 610
a 12145 2 610
a 2 12152 803
a 12152 2 803
a 2 4527 406
a 4527 2 406
a 2 12177 710
a 12177 2 710
a 2 7099 30
a 7099 2 30
a 2 12193 804
a 12193 2 804
a 2 12196 312
a 12196 2 312
a 2 8112 11
a 8112 2 11
a 2 12399 473
a 12399 2 473
a 2 12406 789
a 12406 2 789
a 2 6914 523
a 6914 2 523
a 2 12451 439
a 12451 2 439
a 2 12465 995
a 12465 2 995
a 2 12492 452
a 12492 2 452
a 2 2082 756
a 2082 2 756
a 2 12513 344
a 12513 2 344
a 2 9457 393
a 9457 2 393
a 2 6898 478
a 6898 2 478
a 2 12549 499
a 12549 2 499
a 2 12561 622
a 12561 2 622
a 2 12566 950
a 12566 2 950
a 2 9320 155
a 9320 2 155
a 2 12587 999
a 12587 2 999
a 2 12600 849
a 12600 2 849
a 2 12608 880
a 12608 2 880
a 2 12612 75
a 12612 2 75
a 2 12624 111
a 12624 2 111
a 2 12634 250
a 12634 2 250
a 2 10777 21
a 10777 2 21
a 2 12717 218
a 12717 2 218
a 2 12728 414
a 12728 2 414
a 2 12732 440
a 12732 2 440
a 2 8522 34
a 8522 2 34
a 2 8379 476
a 8379 2 476
a 2 5003 928
a 5003 2 928
a 2 8509 672
a 8509 2 672
a 2 12811 637
a 12811 2 637
a 2 12817 213
a 12817 2 213
a 2 2232 167
a 2232 2 167
a 2 12839 672
a 12839 2 672
a 2 12919 58
a 12919 2 58
a 2 7761 205
a 7761 2 205
a 2 12938 333
a 12938 2 333
a 2 5870 807
a 5870 2 807
a 2 12992 122
a 12992 2 122
a 2 13006 699
a 13006 2 699
a 2 13064 689
a 13064 2 689
a 2 7854 976
a 7854 2 976
a 2 212 309
a 212 2 309
a 2 13084 820
a 13084 2 820
a 2 13088 516
a 13088 2 516
a 2 13106 188
a 13106 2 188
a 2 12236 379
a 12236 2 379
a 2 7157 998
a 7157 2 998
a 2 5199 700
a 5199 2 700
a 2 13163 647
a 13163 2 647
a 2 4707 496
a 4707 2 496
a 2 12224 511
a 12224 2 511
a 2 13206 385
a 13206 2 385
a 2 8430 787
a 8430 2 787
a 2 13253 219
a 13253 2 219
a 2 13273 979
a 13273 2 979
a 2 13280 849
a 13280 2 849
a 2 13321 567
a 13321 2 567
a 2 13327 484
a 13327 2 484
a 2 13346 427
a 13346 2 427
a 2 13352 772
a 13352 2 772
a 2 3154 247
a 3154 2 247
a 2 13377 16
a 13377 2 16
a 2 13381 230
a 13381 2 230
a 2 13404 490
a 13404 2 490
a 2 5852 878
a 5852 2 878
a 2 13430 809
a 13430 2 809
a 2 13459 498
a 13459 2 498
a 2 9192 881
a 9192 2 881
a 2 13479 357
a 13479 2 357
a 2 10284 191
a 10284 2 191
a 2 13539 222
a 13539 2 222
a 2 13560 338
a 13560 2 338
a 2 13570 837
a 13570 2 837
a 2 11422 819
a 11422 2 819
a 2 7190 312
a 7190 2 312
a 2 13579 592
a 13579 2 592
a 2 5351 789
a 5351 2 789
a 2 13598 284
a 13598 2 284
a 2 5119 167
a 5119 2 167
a 2 13655 109
a 13655 2 109
a 2 7114 230
a 7114 2 230
a 2 4612 487
a 4612 2 487
a 2 12294 419
a 12294 2 419
a 2 13692 77
a 13692 2 77
a 2 13700 190
a 13700 2 190
a 2 13703 32
a 13703 2 32
a 2 9083 1
a 9083 2 1
a 2 13728 591
a 13728 2 591
a 2 13742 518
a 13742 2 518
a 2 2039 203
a 2039 2 203
a 2 13759 12
a 13759 2 12
a 2 13763 936
a 13763 2 936
a 2 13782 482
a 13782 2 482
a 2 11608 503
a 11608 2 503
a 2 13802 158
a 13802 2 158
a 2 5813 796
a 5813 2 796
a 2 13862 699
a 13862 2 699
a 2 8947 869
a 8947 2 869
a 2 13899 269
a 13899 2 269
a 2 13904 362
a 13904 2 362
a 2 13915 521
a 13915 2 521
a 2 9573 974
a 9573 2 974
a 2 13958 137
a 13958 2 137
a 2 13965 547
a 13965 2 547
a 2 13972 184
a 13972 2 184
a 2 13977 151
a 13977 2 151
a 2 13990 166
a 13990 2 166
a 2 14025 858
a 14025 2 858
a 2 12745 123
a 12745 2 123
a 2 14111 363
a 14111 2 363
a 2 14136 266
a 14136 2 266
a 2 2290 213
a 2290 2 213
a 2 14183 89
a 14183 2 89
a 2 14186 792
a 14186 2 792
a 2 14189 468
a 14189 2 468
a 2 14198 577
a 14198 2 577
a 2 12477 984
a 12477 2 984
a 2 14272 103
a 14272 2 103
a 2 1777 762
a 1777 2 762
a 2 14291 997
a 14291 2 997
a 2 14330 63
a 14330 2 63
a 2 14336 62
a 14336 2 62
a 2 14434 713
a 14434 2 713
a 2 8684 884
a 8684 2 884
a 2 14466 190
a 14466 2 190
a 2 2990 240
a 2990 2 240
a 2 14474 177
a 14474 2 177
a 2 6396 663
a 6396 2 663
a 2 14502 950
a 14502 2 950
a 2 9359 939
a 9359 2 939
a 2 14597 147
a 14597 2 147
a 2 9370 334
a 9370 2 334
a 2 2180 426
a 2180 2 426
a 2 3263 500
a 3263 2 500
a 2 8243 643
a 8243 2 643
a 2 14672 919
a 14672 2 919
a 2 14687 475
a 14687 2 475
a 2 14695 907
a 14695 2 907
a 2 14699 245
a 14699 2 245
a 2 14702 336
a 14702 2 336
a 2 1844 592
a 1844 2 592
a 2 14709 930
a 14709 2 930
a 2 14308 430
a 14308 2 430
a 2 14730 676
a 14730 2 676
a 2 14736 831
a 14736 2 831
a 2 14745 109
a 14745 2 109
a 2 14756 601
a 14756 2 601
a 2 14797 546
a 14797 2 546
a 2 7507 399
a 7507 2 399
a 2 14812 674
a 14812 2 674
a 2 4870 534
a 4870 2 534
a 2 9331 335
a 9331 2 335
a 2 14835 124
a 14835 2 124
a 2 9092 638
a 9092 2 638
a 2 14853 869
a 14853 2 869
a 2 5184 255
a 5184 2 255
a 2 14893 152
a 14893 2 152
a 2 6892 524
a 6892 2 524
a 2 12375 91
a 12375 2 91
a 2 14936 679
a 14936 2 679
a 2 8432 2
a 8432 2 2
a 2 14948 279
a 14948 2 279
a 2 14963 716
a 14963 2 716
a 2 14984 742
a 14984 2 742
a 2 14993 711
a 14993 2 711
a 2 12846 921
a 12846 2 921
a 2 15040 981
a 15040 2 981
a 2 2076 673
a 2076 2 673
a 2 15069 356
a 15069 2 356
a 2 15105 456
a 15105 2 456
a 2 10920 141
a 10920 2 141
a 2 9425 726
a 9425 2 726
a 2 11213 241
a 11213 2 241
a 2 3633 834
a 3633 2 834
a 2 15170 253
a 15170 2 253
a 2 9376 794
a 9376 2 794
a 2 15181 848
a 15181 2 848
a 2 15198 514
a 15198 2 514
a 2 9383 496
a 9383 2 496
a 2 15224 525
a 15224 2 525
a 2 15231 433
a 15231 2 433
a 2 2023 25
a 2023 2 25
a 2 15248 112
a 15248 2 112
a 2 15306 937
a 15306 2 937
a 2 4138 997
a 4138 2 997
a 2 15330 639
a 15330 2 639
a 2 15543 227
a 15543 2 227
a 2 11459 132
a 11459 2 132
a 2 15580 693
a 15580 2 693
a 2 13836 308
a 13836 2 308
a 2 15605 678
a 15605 2 678
a 2 14871 95
a 14871 2 95
a 2 556 139
a 556 2 139
a 2 15620 175
a 15620 2 175
a 2 15670 770
a 15670 2 770
a 2 14528 985
a 14528 2 985
a 2 4352 993
a 4352 2 993
a 2 15685 144
a 15685 2 144
a 2 15700 212
a 15700 2 212
a 2 10627 579
a 10627 2 579
a 2 8856 741
a 8856 2 741
a 2 15720 539
a 15720 2 539
a 2 14536 251
a 14536 2 251
a 2 15743 762
a 15743 2 762
a 2 5152 981
a 5152 2 981
a 2 1035 8
a 1035 2 8
a 2 15779 252
a 15779 2 252
a 2 15821 332
a 15821 2 332
a 2 15828 691
a 15828 2 691
a 2 15839 606
a 15839 2 606
a 2 11365 338
a 11365 2 338
a 2 1295 175
a 1295 2 175
a 2 12632 645
a 12632 2 645
a 2 12311 560
a 12311 2 560
a 2 15955 441
a 15955 2 441
a 2 15435 254
a 15435 2 254
a 2 15993 94
a 15993 2 94
a 2 15370 748
a 15370 2 748
a 2 2660 18
a 2660 2 18
a 2 16020 481
a 16020 2 481
a 2 7303 205
a 7303 2 205
a 2 16051 489
a 16051 2 489
a 2 16066 252
a 16066 2 252
a 2 15436 792
a 15436 2 792
a 2 9699 561
a 9699 2 561
a 2 9328 945
a 9328 2 945
a 2 9429 309
a 9429 2 309
a 2 16124 710
a 16124 2 710
a 2 16137 186
a 16137 2 186
a 2 16142 171
a 16142 2 171
a 2 13332 752
a 13332 2 752
a 2 7109 440
a 7109 2 440
a 2 1119 279
a 1119 2 279
a 2 15505 282
a 15505 2 282
a 2 16174 304
a 16174 2 304
a 2 2502 485
a 2502 2 485
a 2 16206 845
a 16206 2 845
a 2 12863 130
a 12863 2 130
a 2 3101 401
a 3101 2 401
a 2 12358 301
a 12358 2 301
a 2 15494 323
a 15494 2 323
a 2 16241 768
a 16241 2 768
a 2 16244 930
a 16244 2 930
a 2 15449 754
a 15449 2 754
a 2 16275 312
a 16275 2 312
a 2 15967 63
a 15967 2 63
a 2 15529 124
a 15529 2 124
a 2 16316 464
a 16316 2 464
a 2 16327 919
a 16327 2 919
a 2 16339 338
a 16339 2 338
a 2 15454 949
a 15454 2 949
a 2 1073 21
a 1073 2 21
a 2 14561 316
a 14561 2 316
a 2 15378 365
a 15378 2 365
a 2 16403 221
a 16403 2 221
a 2 16409 656
a 16409 2 656
a 2 16425 421
a 16425 2 421
a 2 16518 529
a 16518 2 529
a 2 2058 626
a 2058 2 626
a 2 16574 897
a 16574 2 897
a 2 14532 169
a 14532 2 169
a 2 6579 662
a 6579 2 662
a 2 16595 849
a 16595 2 849
a 2 2035 913
a 2035 2 913
a 2 6307 861
a 6307 2 861
a 2 15498 449
a 15498 2 449
a 2 3272 377
a 3272 2 377
a 2 7747 273
a 7747 2 273
a 2 7088 664
a 7088 2 664
a 2 16644 136
a 16644 2 136
a 2 16443 509
a 16443 2 509
a 2 16663 198
a 16663 2 198
a 2 12384 397
a 12384 2 397
a 2 10765 768
a 10765 2 768
a 2 15492 449
a 15492 2 449
a 2 16692 346
a 16692 2 346
a 2 16699 85
a 16699 2 85
a 2 16731 803
a 16731 2 803
a 2 1410 391
a 1410 2 391
a 2 7765 510
a 7765 2 510
a 2 6516 205
a 6516 2 205
a 2 6714 761
a 6714 2 761
a 2 16803 78
a 16803 2 78
a 2 9412 265
a 9412 2 265
a 2 7768 363
a 7768 2 363
a 2 16756 868
a 16756 2 868
a 2 10779 403
a 10779 2 403
a 2 5345 804
a 5345 2 804
a 2 14081 127
a 14081 2 127
a 2 16893 594
a 16893 2 594
a 2 16901 379
a 16901 2 379
a 2 16668 704
a 16668 2 704
a 2 14051 904
a 14051 2 904
a 2 8439 239
a 8439 2 239
a 2 16952 528
a 16952 2 528
a 2 16775 166
a 16775 2 166
a 2 16984 933
a 16984 2 933
a 2 12883 29
a 12883 2 29
a 2 16991 714
a 16991 2 714
a 2 6024 484
a 6024 2 484
a 2 9808 95
a 9808 2 95
a 2 17029 283
a 17029 2 283
a 2 2094 971
a 2094 2 971
a 2 16473 994
a 16473 2 994
a 2 16926 521
a 16926 2 521
a 2 9576 580
a 9576 2 580
a 2 8447 371
a 8447 2 371
a 2 17077 274
a 17077 2 274
a 2 17091 853
a 17091 2 853
a 2 8444 273
a 8444 2 273
a 2 1846 166
a 1846 2 166
a 2 17120 436
a 17120 2 436
a 2 12336 786
a 12336 2 786
a 2 9388 314
a 9388 2 314
a 2 16436 56
a 16436 2 56
a 2 9389 614
a 9389 2 614
a 2 5682 476
a 5682 2 476
a 2 7773 990
a 7773 2 990
a 2 17278 610
a 17278 2 610
a 2 3491 586
a 3491 2 586
a 2 14060 668
a 14060 2 668
a 2 12738 288
a 12738 2 288
a 2 5150 928
a 5150 2 928
a 2 2110 852
a 2110 2 852
a 2 17363 524
a 17363 2 524
a 2 17426 95
a 17426 2 95
a 2 12215 880
a 12215 2 880
a 2 12322 477
a 12322 2 477
a 2 17505 934
a 17505 2 934
a 2 9621 297
a 9621 2 297
a 2 17528 640
a 17528 2 640
a 2 304 284
a 304 2 284
a 2 17537 730
a 17537 2 730
a 2 15534 941
a 15534 2 941
a 2 17551 517
a 17551 2 517
a 2 17557 870
a 17557 2 870
a 2 17574 617
a 17574 2 617
a 2 17580 543
a 17580 2 543
a 2 12307 361
a 12307 2 361
a 2 14056 816
a 14056 2 816
a 2 17586 183
a 17586 2 183
a 2 1852 647
a 1852 2 647
a 2 9416 327
a 9416 2 327
a 2 17604 597
a 17604 2 597
a 2 15403 39
a 15403 2 39
a 2 17632 969
a 17632 2 969
a 2 17639 826
a 17639 2 826
a 2 15644 961
a 15644 2 961
a 2 5192 168
a 5192 2 168
a 2 17675 164
a 17675 2 164
a 2 13237 819
a 13237 2 819
a 2 8847 266
a 8847 2 266
a 2 16293 541
a 16293 2 541
a 2 17196 927
a 17196 2 927
a 2 17742 911
a 17742 2 911
a 2 6897 606
a 6897 2 606
a 2 10679 113
a 10679 2 113
a 2 5001 696
a 5001 2 696
a 2 17786 86
a 17786 2 86
a 2 17851 265
a 17851 2 265
a 2 12741 586
a 12741 2 586
a 2 17215 542
a 17215 2 542
a 2 6920 881
a 6920 2 881
a 2 17941 327
a 17941 2 327
a 2 12417 402
a 12417 2 402
a 2 2897 561
a 2897 2 561
a 2 17982 740
a 17982 2 740
a 2 945 541
a 945 2 541
a 2 18009 395
a 18009 2 395
a 2 18056 738
a 18056 2 738
a 2 15467 683
a 15467 2 683
a 2 9349 894
a 9349 2 894
a 2 7106 218
a 7106 2 218
a 2 3504 7
a 3504 2 7
a 2 18112 729
a 18112 2 729
a 2 15497 736
a 15497 2 736
a 2 12687 928
a 12687 2 928
a 2 14358 777
a 14358 2 777
a 2 18161 601
a 18161 2 601
a 2 18183 16
a 18183 2 16
a 2 12856 995
a 12856 2 995
a 2 18213 492
a 18213 2 492
a 2 18245 960
a 18245 2 960
a 2 18248 503
a 18248 2 503
a 2 5136 857
a 5136 2 857
a 2 18255 58
a 18255 2 58
a 2 18259 368
a 18259 2 368
a 2 10985 646
a 10985 2 646
a 2 6787 176
a 6787 2 176
a 2 18292 584
a 18292 2 584
a 2 14631 675
a 14631 2 675
a 2 12231 873
a 12231 2 873
a 2 15520 515
a 15520 2 515
a 2 18334 851
a 18334 2 851
a 2 11364 259
a 11364 2 259
a 2 18376 805
a 18376 2 805
a 2 9287 225
a 9287 2 225
a 2 9296 337
a 9296 2 337
a 2 18370 205
a 18370 2 205
a 2 4916 584
a 4916 2 584
a 2 1807 975
a 1807 2 975
a 2 18432 941
a 18432 2 941
a 2 5122 656
a 5122 2 656
a 2 18441 197
a 18441 2 197
a 2 9310 261
a 9310 2 261
a 2 18453 372
a 18453 2 372
a 2 5162 1000
a 5162 2 1000
a 2 9436 583
a 9436 2 583
a 2 9418 738
a 9418 2 738
a 2 18495 930
a 18495 2 930
a 2 2095 773
a 2095 2 773
a 2 18527 992
a 18527 2 992
a 2 18546 479
a 18546 2 479
a 2 18566 884
a 18566 2 884
a 2 18574 477
a 18574 2 477
a 2 18586 182
a 18586 2 182
a 2 18619 270
a 18619 2 270
a 2 9435 161
a 9435 2 161
a 2 18681 835
a 18681 2 835
a 2 15373 327
a 15373 2 327
a 2 8929 675
a 8929 2 675
a 2 18725 618
a 18725 2 618
a 2 2088 578
a 2088 2 578
a 2 18737 68
a 18737 2 68
a 2 18778 648
a 18778 2 648
a 2 18793 592
a 18793 2 592
a 2 10040 677
a 10040 2 677
a 2 15974 751
a 15974 2 751
a 2 990 870
a 990 2 870
a 2 17783 30
a 17783 2 30
a 2 18868 821
a 18868 2 821
a 2 785 656
a 785 2 656
a 2 18908 644
a 18908 2 644
a 2 15479 502
a 15479 2 502
a 2 581 206
a 581 2 206
a 2 3139 844
a 3139 2 844
a 2 12275 266
a 12275 2 266
a 2 7107 421
a 7107 2 421
a 2 19019 751
a 19019 2 751
a 2 3714 698
a 3714 2 698
a 2 1053 568
a 1053 2 568
a 2 18888 106
a 18888 2 106
a 2 11981 781
a 11981 2 781
a 2 6913 56
a 6913 2 56
a 2 15502 820
a 15502 2 820
a 2 19103 720
a 19103 2 720
a 2 19108 411
a 19108 2 411
a 2 9554 469
a 9554 2 469
a 2 1077 962
a 1077 2 962
a 2 12904 299
a 12904 2 299
a 2 5312 756
a 5312 2 756
a 2 19146 457
a 19146 2 457
a 2 19148 916
a 19148 2 916
a 2 19152 251
a 19152 2 251
a 2 6884 220
a 6884 2 220
a 2 15398 450
a 15398 2 450
a 2 6901 932
a 6901 2 932
a 2 19193 989
a 19193 2 989
a 2 9112 749
a 9112 2 749
a 2 18353 962
a 18353 2 962
a 2 9967 483
a 9967 2 483
a 2 15496 932
a 15496 2 932
a 2 14356 758
a 14356 2 758
a 2 16445 568
a 16445 2 568
a 2 2302 632
a 2302 2 632
a 2 17830 434
a 17830 2 434
a 2 15110 768
a 15110 2 768
a 2 15926 259
a 15926 2 259
a 2 18662 989
a 18662 2 989
a 2 12674 696
a 12674 2 696
a 2 5185 223
a 5185 2 223
a 2 19467 88
a 19467 2 88
a 2 1059 661
a 1059 2 661
a 2 19487 853
a 19487 2 853
a 2 19227 200
a 19227 2 200
a 2 192 339
a 192 2 339
a 2 19599 252
a 19599 2 252
a 2 19617 779
a 19617 2 779
a 2 6493 515
a 6493 2 515
a 2 2236 607
a 2236 2 607
a 2 12289 888
a 12289 2 888
a 2 19677 702
a 19677 2 702
a 2 15648 566
a 15648 2 566
a 2 17202 449
a 17202 2 449
a 2 5520 906
a 5520 2 906
a 2 19714 654
a 19714 2 654
a 2 15533 820
a 15533 2 820
a 2 19738 352
a 19738 2 352
a 2 15485 576
a 15485 2 576
a 2 19745 299
a 19745 2 299
a 2 7771 394
a 7771 2 394
a 2 18674 17
a 18674 2 17
a 2 19767 808
a 19767 2 808
a 2 4607 698
a 4607 2 698
a 2 19777 979
a 19777 2 979
a 2 19782 198
a 19782 2 198
a 2 6517 860
a 6517 2 860
a 2 16770 478
a 16770 2 478
a 2 2725 906
a 2725 2 906
a 2 19836 998
a 19836 2 998
a 2 8224 182
a 8224 2 182
a 2 19852 482
a 19852 2 482
a 2 19855 457
a 19855 2 457
a 2 1863 252
a 1863 2 252
a 2 12365 488
a 12365 2 488
a 2 15397 19
a 15397 2 19
a 2 19871 331
a 19871 2 331
a 2 682 465
a 682 2 465
a 2 16765 288
a 16765 2 288
a 2 12381 912
a 12381 2 912
a 2 9239 528
a 9239 2 528
a 2 15931 910
a 15931 2 910
a 2 19943 476
a 19943 2 476
a 2 12880 358
a 12880 2 358
a 2 18704 781
a 18704 2 781
a 2 15530 939
a 15530 2 939
a 2 19994 496
a 19994 2 496
a 2 8846 171
a 8846 2 171
a 2 20013 94
a 20013 2 94
a 2 20022 226
a 20022 2 226
a 2 15393 236
a 15393 2 236
a 2 9682 908
a 9682 2 908
a 2 5138 708
a 5138 2 708
a 2 19405 122
a 19405 2 122
a 2 19340 331
a 19340 2 331
a 2 20062 726
a 20062 2 726
a 2 12268 943
a 12268 2 943
a 2 15440 989
a 15440 2 989
a 2 6933 902
a 6933 2 902
a 2 9384 883
a 9384 2 883
a 2 20103 93
a 20103 2 93
a 2 20110 546
a 20110 2 546
a 2 9362 874
a 9362 2 874
a 2 20163 824
a 20163 2 824
a 2 19538 501
a 19538 2 501
a 2 20178 878
a 20178 2 878
a 2 9567 550
a 9567 2 550
a 2 9042 447
a 9042 2 447
a 2 15571 165
a 15571 2 165
a 2 17812 49
a 17812 2 49
a 2 7089 840
a 7089 2 840
a 2 15968 182
a 15968 2 182
a 2 20244 308
a 20244 2 308
a 2 11232 895
a 11232 2 895
a 2 20288 505
a 20288 2 505
a 2 8673 296
a 8673 2 296
a 2 20302 174
a 20302 2 174
a 2 15421 720
a 15421 2 720
a 2 20345 659
a 20345 2 659
a 2 20258 511
a 20258 2 511
a 2 20360 445
a 20360 2 445
a 2 20365 102
a 20365 2 102
a 2 20257 548
a 20257 2 548
a 2 17186 134
a 17186 2 134
a 2 20392 240
a 20392 2 240
a 2 20395 654
a 20395 2 654
a 2 12312 454
a 12312 2 454
a 2 20448 293
a 20448 2 293
a 2 9558 734
a 9558 2 734
a 2 20478 495
a 20478 2 495
a 2 20485 48
a 20485 2 48
a 2 7930 876
a 7930 2 876
a 2 10781 106
a 10781 2 106
a 2 14310 546
a 14310 2 546
a 2 12928 281
a 12928 2 281
a 2 16428 276
a 16428 2 276
a 2 14575 264
a 14575 2 264
a 2 14547 938
a 14547 2 938
a 2 19534 656
a 19534 2 656
a 2 12285 588
a 12285 2 588
a 2 6715 821
a 6715 2 821
a 2 20614 845
a 20614 2 845
a 2 14307 96
a 14307 2 96
a 2 20649 101
a 20649 2 101
a 2 12260 736
a 12260 2 736
a 2 14574 744
a 14574 2 744
a 2 19228 384
a 19228 2 384
a 2 6856 829
a 6856 2 829
a 2 9100 307
a 9100 2 307
a 2 20772 639
a 20772 2 639
a 2 12233 336
a 12233 2 336
a 2 20779 31
a 20779 2 31
a 2 20782 89
a 20782 2 89
a 2 20806 546
a 20806 2 546
a 2 10001 423
a 10001 2 423
a 2 15490 139
a 15490 2 139
a 2 16845 805
a 16845 2 805
a 2 20846 108
a 20846 2 108
a 2 6910 751
a 6910 2 751
a 2 17176 793
a 17176 2 793
a 2 4357 701
a 4357 2 701
a 2 15416 889
a 15416 2 889
a 2 17803 216
a 17803 2 216
a 2 17758 519
a 17758 2 519
a 2 14827 727
a 14827 2 727
a 2 14538 117
a 14538 2 117
a 2 20944 678
a 20944 2 678
a 2 20951 624
a 20951 2 624
a 2 20255 407
a 20255 2 407
a 2 14564 382
a 14564 2 382
a 2 20994 223
a 20994 2 223
a 2 9329 670
a 9329 2 670
a 2 7151 923
a 7151 2 923
a 2 3759 452
a 3759 2 452
a 2 8848 892
a 8848 2 892
a 2 21052 96
a 21052 2 96
a 2 12858 420
a 12858 2 420
a 2 17252 79
a 17252 2 79
a 2 8391 931
a 8391 2 931
a 2 19455 775
a 19455 2 775
a 2 21082 826
a 21082 2 826
a 2 20269 856
a 20269 2 856
a 2 12242 312
a 12242 2 312
a 2 21103 549
a 21103 2 549
a 2 21116 505
a 21116 2 505
a 2 5149 389
a 5149 2 389
a 2 9415 777
a 9415 2 777
a 2 21135 375
a 21135 2 375
a 2 17367 61
a 17367 2 61
a 2 12482 775
a 12482 2 775
a 2 18748 684
a 18748 2 684
a 2 21173 210
a 21173 2 210
a 2 15392 515
a 15392 2 515
a 2 20219 766
a 20219 2 766
a 2 8810 110
a 8810 2 110
a 2 21200 942
a 21200 2 942
a 2 19244 266
a 19244 2 266
a 2 16474 707
a 16474 2 707
a 2 21227 458
a 21227 2 458
a 2 21234 765
a 21234 2 765
a 2 15075 509
a 15075 2 509
a 2 12255 751
a 12255 2 751
a 2 9551 21
a 9551 2 21
a 2 17185 87
a 17185 2 87
a 2 16432 890
a 16432 2 890
a 2 21300 930
a 21300 2 930
a 2 1108 672
a 1108 2 672
a 2 19536 13
a 19536 2 13
a 2 3098 211
a 3098 2 211
a 2 4997 89
a 4997 2 89
a 2 20151 458
a 20151 2 458
a 2 11900 370
a 11900 2 370
a 2 17838 773
a 17838 2 773
a 2 21034 928
a 21034 2 928
a 2 8376 302
a 8376 2 302
a 2 16755 87
a 16755 2 87
a 2 21383 513
a 21383 2 513
a 2 19033 505
a 19033 2 505
a 2 14355 135
a 14355 2 135
a 2 2059 481
a 2059 2 481
a 2 12685 224
a 12685 2 224
a 2 8894 106
a 8894 2 106
a 2 21459 721
a 21459 2 721
a 2 20273 792
a 20273 2 792
a 2 21520 597
a 21520 2 597
a 2 21524 307
a 21524 2 307
a 2 7754 253
a 7754 2 253
a 2 15518 647
a 15518 2 647
a 2 21591 170
a 21591 2 170
a 2 21600 424
a 21600 2 424
a 2 2505 788
a 2505 2 788
a 2 21610 751
a 21610 2 751
a 2 12901 834
a 12901 2 834
a 2 302 618
a 302 2 618
a 2 14108 140
a 14108 2 140
a 2 8393 419
a 8393 2 419
a 2 4086 551
a 4086 2 551
a 2 21703 939
a 21703 2 939
a 2 15464 598
a 15464 2 598
a 2 15463 680
a 15463 2 680
a 2 5120 566
a 5120 2 566
a 2 19997 956
a 19997 2 956
a 2 13112 620
a 13112 2 620
a 2 11367 53
a 11367 2 53
a 2 21796 515
a 21796 2 515
a 2 12383 123
a 12383 2 123
a 2 6855 804
a 6855 2 804
a 2 21821 364
a 21821 2 364
a 2 21846 551
a 21846 2 551
a 2 4998 931
a 4998 2 931
a 2 21854 938
a 21854 2 938
a 2 15983 39
a 15983 2 39
a 2 762 145
a 762 2 145
a 2 21895 806
a 21895 2 806
a 2 2298 86
a 2298 2 86
a 2 21903 602
a 21903 2 602
a 2 11211 873
a 11211 2 873
a 2 7098 502
a 7098 2 502
a 2 12272 146
a 12272 2 146
a 2 1842 93
a 1842 2 93
a 2 12666 190
a 12666 2 190
a 2 10383 614
a 10383 2 614
a 2 2301 658
a 2301 2 658
a 2 12664 129
a 12664 2 129
a 2 14546 126
a 14546 2 126
a 2 14350 681
a 14350 2 681
a 2 8240 945
a 8240 2 945
a 2 10117 1000
a 10117 2 1000
a 2 22019 479
a 22019 2 479
a 2 14882 286
a 14882 2 286
a 2 17826 915
a 17826 2 915
a 2 19401 710
a 19401 2 710
a 2 22052 531
a 22052 2 531
a 2 644 682
a 644 2 682
a 2 1663 40
a 1663 2 40
a 2 22068 570
a 22068 2 570
a 2 2986 927
a 2986 2 927
a 2 5151 198
a 5151 2 198
a 2 16512 558
a 16512 2 558
a 2 14580 450
a 14580 2 450
a 2 8367 722
a 8367 2 722
a 2 22123 416
a 22123 2 416
a 2 22133 909
a 22133 2 909
a 2 22148 672
a 22148 2 672
a 2 16764 842
a 16764 2 842
a 2 22163 900
a 22163 2 900
a 2 6889 704
a 6889 2 704
a 2 22182 390
a 22182 2 390
a 2 15458 331
a 15458 2 331
a 2 12646 259
a 12646 2 259
a 2 22239 508
a 22239 2 508
a 2 5736 848
a 5736 2 848
a 2 22333 793
a 22333 2 793
a 2 1740 995
a 1740 2 995
a 2 2294 529
a 2294 2 529
a 2 22361 640
a 22361 2 640
a 2 12895 872
a 12895 2 872
a 2 12913 97
a 12913 2 97
a 2 13855 243
a 13855 2 243
a 2 8853 386
a 8853 2 386
a 2 10394 839
a 10394 2 839
a 2 19369 764
a 19369 2 764
a 2 22423 54
a 22423 2 54
a 2 22428 510
a 22428 2 510
a 2 17203 976
a 17203 2 976
a 2 9088 338
a 9088 2 338
a 2 14557 185
a 14557 2 185
a 2 19539 542
a 19539 2 542
a 2 22486 318
a 22486 2 318
a 2 15484 228
a 15484 2 228
a 2 6313 215
a 6313 2 215
a 2 6804 441
a 6804 2 441
a 2 1000 749
a 1000 2 749
a 2 22545 783
a 22545 2 783
a 2 8431 515
a 8431 2 515
a 2 7102 519
a 7102 2 519
a 2 7745 488
a 7745 2 488
a 2 12683 17
a 12683 2 17
a 2 22623 30
a 22623 2 30
a 2 7775 346
a 7775 2 346
a 2 15645 973
a 15645 2 973
a 2 4089 255
a 4089 2 255
a 2 18645 876
a 18645 2 876
a 2 8889 89
a 8889 2 89
a 2 7662 274
a 7662 2 274
a 2 15451 795
a 15451 2 795
a 2 779 20
a 779 2 20
a 2 20835 480
a 20835 2 480
a 2 760 461
a 760 2 461
a 2 20281 485
a 20281 2 485
a 2 16849 792
a 16849 2 792
a 2 22786 477
a 22786 2 477
a 2 22790 734
a 22790 2 734
a 2 14357 840
a 14357 2 840
a 2 9543 357
a 9543 2 357
a 2 9544 865
a 9544 2 865
a 2 22845 677
a 22845 2 677
a 2 1780 125
a 1780 2 125
a 2 22856 812
a 22856 2 812
a 2 20795 564
a 20795 2 564
a 2 14088 925
a 14088 2 925
a 2 20148 15
a 20148 2 15
a 2 22929 569
a 22929 2 569
a 2 22935 146
a 22935 2 146
a 2 22951 955
a 22951 2 955
a 2 22955 736
a 22955 2 736
a 2 22985 242
a 22985 2 242
a 2 23000 869
a 23000 2 869
a 2 23009 848
a 23009 2 848
a 2 7152 664
a 7152 2 664
a 2 12326 92
a 12326 2 92
a 2 23077 244
a 23077 2 244
a 2 23086 114
a 23086 2 114
a 2 15390 474
a 15390 2 474
a 2 23102 680
a 23102 2 680
a 2 23113 693
a 23113 2 693
a 2 16744 94
a 16744 2 94
a 2 18067 110
a 18067 2 110
a 2 9393 797
a 9393 2 797
a 2 21510 894
a 21510 2 894
a 2 13910 853
a 13910 2 853
a 2 19551 342
a 19551 2 342
a 2 6522 943
a 6522 2 943
a 2 8676 422
a 8676 2 422
a 2 2295 369
a 2295 2 369
a 2 7958 656
a 7958 2 656
a 2 14104 930
a 14104 2 930
a 2 8442 551
a 8442 2 551
a 2 23290 265
a 23290 2 265
a 2 23318 435
a 23318 2 435
a 2 15516 231
a 15516 2 231
a 2 15472 117
a 15472 2 117
a 2 23366 36
a 23366 2 36
a 2 23367 571
a 23367 2 571
a 2 8072 38
a 8072 2 38
a 2 23371 249
a 23371 2 249
a 2 8207 268
a 8207 2 268
a 2 13450 906
a 13450 2 906
a 2 17793 809
a 17793 2 809
a 2 17205 264
a 17205 2 264
a 2 6521 769
a 6521 2 769
a 2 15413 57
a 15413 2 57
a 2 23454 797
a 23454 2 797
a 2 17250 724
a 17250 2 724
a 2 9371 486
a 9371 2 486
a 2 23465 656
a 23465 2 656
a 2 23502 241
a 23502 2 241
a 2 10784 681
a 10784 2 681
a 2 5815 843
a 5815 2 843
a 2 18647 834
a 18647 2 834
a 2 23519 83
a 23519 2 83
a 2 9548 213
